key, value
45693, 2.138789647799933e-6
18782, -2.1141782782949896e-6
15004, -1.1040108121384354e-5
9934, 1.5050182860936049e-5
189821, -2.1141782782949896e-6
1333, -1.0336775192075642e-6
3485, 8.03844693189777e-6
1671, -4.691335770828238e-5
14882, 3.590860448591509e-6
9488, -7.898319033982688e-6
54189, -2.1387896477999316e-6
20372, -2.8202552013403085e-6
7237, -4.895263032353436e-6
318, 0.0016055046982106954
873, 1.7216918772312345e-6
7514, 0.0002522222187313389
37229, -2.1387896477999316e-6
50557, -2.1141782782949896e-6
49126, -1.100037043575569e-6
30033, 4.919874401858376e-6
15207, 4.4927842810640104e-5
54917, -4.870651662848493e-6
60122, 2.905552364526975e-5
39580, -1.8458527128706486e-6
32358, 1.100037043575569e-6
27453, 2.138789647799932e-6
59941, -3.590860448591509e-6
25976, -1.9575467852686955e-5
6426, -2.7390224454010293e-5
60072, -2.065419325172173e-5
1616, 0.0005488691371633951
14398, 2.1634010173048727e-6
8421, -3.590860448591509e-6
621, 0.009628248700687311
60645, -3.590860448591509e-6
54612, -2.065419325172173e-5
110504, 2.8202552013403085e-6
8058, 2.2150232554447797e-6
228008, -2.8202552013403085e-6
154, -0.054378880108084685
3191, 4.8776621077176533e-5
32433, 5.2250318379456235e-6
6611, -1.0070265184237742e-5
13670, -5.067582466242908e-6
1683, -6.708239141955179e-5
227693, 2.1141782782949896e-6
106464, -1.1075116277223894e-6
30245, 3.590860448591509e-6
9341, 2.5287180932507597e-5
4755, -1.845852712870649e-6
47441, 4.919874401858376e-6
15125, -3.147406804709275e-5
2103, -6.025220328628371e-6
227988, -2.8202552013403085e-6
26595, -1.8458527128706486e-6
3001, 2.0778960314780712e-5
1146, -2.215023255444778e-6
9208, -1.972393670673987e-5
14197, -2.2150232554447797e-6
4269, -2.1387896477999316e-6
9916, -1.2950915353277852e-6
1230, 1.4724762704892726e-5
54963, 2.324792663381582e-6
6634, -0.0002559490960590456
8547, -1.8458527128706486e-6
573, -0.0016055046982106959
7504, -7.339820644763612e-5
238968, -1.8186240274775704e-6
3597, 7.603544343435593e-6
11890, -4.940383496534378e-5
56979, -1.8458527128706486e-6
9760, -7.898319033982688e-6
219093, 3.590860448591509e-6
9357, 1.6876813913497745e-6
13728, 7.336404800502606e-5
59868, -1.8458527128706486e-6
6715, -5.775691158999408e-6
7379, -1.8458527128706486e-6
2933, 1.078363483741919e-5
3432, 0.0013531701729589194
32610, 4.9198744018583755e-6
1052, 1.8458527128706493e-6
54846, -2.1387896477999316e-6
19882, 3.590860448591509e-6
243178, 3.590860448591509e-6
13676, 1.1040108121384353e-5
11392, 2.953364340593039e-6
1813, -0.0002664785803362698
8184, -0.00016999905691253355
6591, -2.9288002099151056e-6
11806, -2.306250537792824e-5
9336, -1.9729917309486424e-5
8064, 1.8609821840433124e-5
38297, -1.1000370435755685e-6
25997, 1.5486334885214894e-6
20472, -1.8186240274775704e-6
366, -2.9699218920014703e-5
6904, -0.0001701526142071388
2302, -0.00021141659238069804
13396, 2.0864193307109315e-5
2277, -0.0002530249125924852
54392, 1.837953751885448e-6
27646, 2.4578438516945013e-5
59674, -3.590860448591509e-6
56900, 2.8202552013403085e-6
8601, 1.100037043575568e-6
60852, 1.9609626295297035e-5
60808, -2.820255201340308e-6
14093, 5.635430791933322e-7
732, -0.00038917393206141376
8516, -2.8202552013403085e-6
14228, 0.00018037941579488882
191466, -3.590860448591509e-6
109984, 1.1075116277223894e-6
38784, -2.953364340593038e-6
32375, 5.176469702355209e-6
12933, 4.870651662848493e-6
109309, -2.1141782782949896e-6
47381, 3.590860448591509e-6
229268, -2.8202552013403085e-6
9551, 2.0123603063700218e-5
1853, -0.000214823544125419
14584, 1.9714735779437494e-5
47469, -2.425159044968454e-5
11796, -2.158958643229889e-5
142, 0.00894378239314917
36522, 3.590860448591509e-6
13633, 9.618038525881837e-6
12116, 0.00018082758831621234
189861, -3.590860448591509e-6
12628, 2.090605752633514e-5
39601, -5.2252618611281826e-6
46048, -1.1075116277223894e-6
59752, -2.0555743329586274e-5
14503, -4.8320491583603e-6
12053, 3.147406804709276e-5
245368, -1.8186240274775704e-6
228688, -1.1075116277223894e-6
1563, 4.304765733593931e-5
12058, 2.7622181146904823e-5
218448, -1.1075116277223894e-6
13682, 4.952200307642029e-5
9798, -1.2498332210515962e-6
15118, 5.635430791933326e-7
418, 0.002307439465591464
9790, 2.538558680222042e-5
373, -4.02798302612747e-5
9318, 1.1000370435755685e-6
13523, 1.8458527128706486e-6
6903, 4.8082910044589414e-5
27633, 5.40836031444553e-6
120229, -3.590860448591509e-6
9970, 5.01310632842631e-5
503, -0.0018879278126783864
129704, 2.8202552013403085e-6
7424, 3.980432869709379e-6
2494, 0.0015760491289665086
120734, 2.1141782782949896e-6
191341, 2.1141782782949896e-6
158356, -2.8202552013403085e-6
30426, -2.9055523645269753e-5
190456, 1.8186240274775704e-6
2572, 3.1010325576226902e-6
47269, 3.590860448591509e-6
38698, 3.590860448591509e-6
53664, 1.1075116277223894e-6
1167, 2.0424898339467528e-5
60670, -2.138789647799931e-6
4628, 2.8202552013403085e-6
219088, -1.1075116277223894e-6
6624, 7.176261158905867e-5
36437, 3.590860448591509e-6
27301, 2.905552364526975e-5
1740, -2.0744877763666856e-5
3332, -2.4423414267927725e-5
1926, -2.54280131105969e-6
39070, 2.138789647799932e-6
48362, 3.590860448591509e-6
13766, 1.3759249283061828e-6
61339, -4.754730260728792e-6
121704, -2.8202552013403085e-6
1134, -1.2247734545262128e-6
14283, 5.255902319656472e-6
27283, 1.8458527128706486e-6
238928, -1.1075116277223894e-6
32421, 2.905552364526975e-5
166, -0.0006067773250376513
12618, 4.870651662848492e-6
4945, -4.919874401858377e-6
15018, -0.0002581641193144904
6723, -3.996582842344473e-6
126, 0.04746540350062448
3746, 0.0003318519789797556
12123, 4.576606984643997e-5
104154, -3.590860448591509e-6
13688, 0.00016981921704489883
9276, -1.0438051180253796e-6
38229, -2.905552364526975e-5
3342, -7.603544343435606e-6
25086, -2.138789647799932e-6
303, -6.746982302446983e-7
567, -0.00034808465484383386
38334, -2.4868384383063173e-5
196446, -2.1141782782949896e-6
11306, -3.590860448591509e-6
30444, 1.8458527128706486e-6
54782, -2.4578438516945013e-5
4761, -1.1000370435755691e-6
11974, -1.3759249283061828e-6
109989, -3.590860448591509e-6
153301, 3.590860448591509e-6
61411, -1.8458527128706486e-6
228693, 3.590860448591509e-6
3392, -0.00015008805467715437
13517, 1.3420715595541502e-6
4024, -1.0336775192075646e-6
1309, -8.742247904791e-7
9896, 0.00018095107270504817
4733, -2.505522423961307e-5
219818, 3.590860448591509e-6
48414, 2.1387896477999316e-6
1896, -0.0013524185235863709
227678, -2.1141782782949896e-6
222, -0.04717418663337211
2566, -1.7291317106683055e-6
498, 0.0026162311087081333
27448, -1.5480078857672869e-6
3522, -7.23427658235823e-5
3293, -8.773234372701146e-7
11851, -4.767030994442897e-6
12096, -1.8609821840433127e-5
207, -0.002040402104052716
26513, -4.9198744018583755e-6
4928, 2.9533643405930376e-6
9202, -5.433087806570672e-6
229368, -1.8186240274775704e-6
59664, 1.1075116277223894e-6
39464, 2.8202552013403085e-6
1151, -2.9541027599966475e-6
14132, 1.826143429303844e-5
6503, 4.487603679602399e-5
11875, -1.0370348552768674e-5
36852, 1.8186240274775704e-6
38693, 3.590860448591509e-6
12635, 4.772302737463227e-6
39783, 4.7547302607287936e-6
57109, -3.590860448591509e-6
3252, 0.0001717117697065672
120829, -2.1141782782949896e-6
120149, -3.590860448591509e-6
4693, -2.936888533430756e-5
155221, -3.590860448591509e-6
243418, -3.590860448591509e-6
50602, -3.590860448591509e-6
326, -3.1123740167381236e-5
38862, 1.3589793745011968e-6
219773, 2.1141782782949896e-6
2064, 8.226924348916605e-6
47869, -2.457668126927157e-5
9476, -2.8202552013403085e-6
240318, 2.1141782782949896e-6
19192, -1.8186240274775706e-6
1487, -2.0673550384151267e-6
2319, -3.839475945727952e-5
12126, 0.00020649009396976023
27501, -2.4253347697357982e-5
106164, 1.8186240274775704e-6
2469, 0.001861907641872566
121434, -3.590860448591509e-6
218538, 3.590860448591509e-6
103904, -1.1075116277223894e-6
7601, 4.9403834965343774e-5
27244, -1.8458527128706486e-6
227838, -2.1141782782949896e-6
129514, 3.590860448591509e-6
6898, -5.013562075860591e-5
110554, -3.590860448591509e-6
6164, 2.8202552013403085e-6
13578, 6.069201363534004e-6
61392, -7.511724545825139e-6
15198, -0.0002065050454766266
53684, -1.8379537518854477e-6
47577, 1.100037043575569e-6
49041, 4.919874401858376e-6
60740, -2.8202552013403085e-6
909, 0.0013053660116188381
9921, 8.580733965141598e-6
3297, 1.6078816212007115e-6
6404, 2.8202552013403085e-6
30461, -2.457668126927157e-5
220158, 2.1141782782949896e-6
27643, 5.176469702355208e-6
194261, 3.590860448591509e-6
55032, -1.9611006434392392e-5
56493, -2.1387896477999316e-6
27626, 2.905552364526975e-5
12276, 0.00016999905691253357
48464, 7.8016704119433e-6
39736, 1.5480078857672869e-6
9840, 2.215023255444779e-6
57197, 2.425159044968454e-5
191166, -2.1141782782949896e-6
3249, 4.965117933520243e-5
39904, 7.51172454582514e-6
121824, 1.1075116277223894e-6
121694, -2.1141782782949896e-6
1032, -2.820255201340307e-6
7184, 1.1075116277223894e-6
229373, 2.1141782782949896e-6
38264, 1.9576847991782307e-5
5069, -1.3356320214714092e-6
9653, 2.21502325544478e-6
227998, -2.1141782782949896e-6
11791, -5.198732344256251e-6
4880, 1.1075116277223894e-6
1661, -0.0015760491289665086
4955, -4.772302737463227e-6
57308, -1.8458527128706486e-6
15001, -5.067582466242908e-6
329, 1.0722944937710137e-5
58366, -2.138789647799931e-6
15058, 1.3144212597356638e-6
3609, 7.261971983633872e-6
39523, 1.8458527128706486e-6
13745, -4.9395940811419795e-5
3772, -5.074605950513428e-6
6605, -1.5050182860936042e-5
6879, -2.655664346059558e-6
15202, -4.009543720606759e-5
788, -0.0014122419094038515
9890, 4.0518126872868996e-5
893, 0.009722336418433277
7565, 1.549414920872439e-5
7649, 1.314421259735664e-6
106, 0.05499932808216947
2618, -1.0336775192075638e-6
3606, 7.5960439923470736e-6
2959, -0.0001287492582002435
243038, 2.1141782782949896e-6
39543, -5.176469702355209e-6
6537, 1.2498332210515974e-6
26541, 2.396164458356638e-5
131069, -2.1141782782949896e-6
30341, 4.870651662848492e-6
38324, -1.9611006434392392e-5
239028, 1.8186240274775704e-6
3157, 0.0002621733730446659
38222, 1.5335669700638426e-6
39130, -3.590860448591509e-6
15315, -9.729839710032198e-6
34157, -2.1141782782949896e-6
3449, -1.9455653049991782e-5
34472, 2.8202552013403085e-6
2484, 0.0012845693993130485
1277, -0.00021141659238069812
25261, 2.1387896477999316e-6
13573, 7.1102862877982145e-6
15348, -0.0001700037262731336
56934, -1.100037043575569e-6
109269, -3.590860448591509e-6
243348, 2.8202552013403085e-6
6414, 4.800446639242412e-7
38269, -2.4868384383063173e-5
245338, 3.590860448591509e-6
32621, -2.4253347697357982e-5
189, -0.04746540350062448
30356, 2.0555628317994993e-5
7489, -9.60285699583291e-6
3814, -3.802235665983221e-5
8997, -3.590860448591509e-6
8608, -7.898319033982686e-6
25854, -2.138789647799931e-6
25921, -1.1966856656149558e-6
27636, 1.9576847991782307e-5
12087, 5.775691158999408e-6
243368, 2.8202552013403085e-6
12565, 3.590860448591509e-6
9941, -0.0002559490960590456
12150, 2.9722545928982403e-6
9753, 1.6219396025882595e-6
47224, -1.8379537518854479e-6
14139, 5.775691158999409e-6
14122, 3.147406804709276e-5
36862, 2.1141782782949896e-6
12111, 1.9822220948440643e-5
323, 9.752983116453473e-5
7634, -1.314421259735663e-6
12001, 1.3144212597356634e-6
130984, 2.8202552013403085e-6
39565, -1.5334519584725629e-6
7509, 0.0002581641193144904
155476, -2.8202552013403085e-6
2379, -4.6913357708282404e-5
219838, 2.1141782782949896e-6
159736, -1.8186240274775704e-6
131024, 1.1075116277223894e-6
30438, -1.100037043575569e-6
9924, 2.2896808178784423e-5
12979, -2.3270928952071774e-6
106469, 3.590860448591509e-6
15013, -0.0002522222187313389
48509, -2.4868384383063173e-5
52192, 1.1075116277223894e-6
39594, -2.905552364526975e-5
27507, -2.324792663381582e-6
196186, -3.590860448591509e-6
32528, -1.1075116277223894e-6
3366, 7.26197198363387e-6
4785, -5.249759330070767e-6
808, -0.0014122419094038515
26506, -4.870651662848492e-6
49104, 7.511724545825139e-6
38252, 1.8458527128706486e-6
196276, -1.8186240274775704e-6
36837, 3.590860448591509e-6
11477, 2.936888533430757e-5
54452, -1.8379537518854479e-6
9964, 1.1562010680397044e-5
3202, -1.0251245684253341e-5
870, 0.00019138855904317942
54752, 7.511724545825139e-6
193886, -2.1141782782949896e-6
7272, -2.0698691627257768e-5
54164, 2.8202552013403085e-6
13036, 1.8458527128706486e-6
54609, -4.919874401858376e-6
706, 0.0005020123621690666
15049, -1.3759249283061828e-6
7614, 0.00021104649124155164
8578, -1.1966856656149547e-6
49054, 2.4253347697357986e-5
155636, -1.8186240274775704e-6
13568, -3.980432869709379e-6
2109, -2.5997680595743617e-5
288, -0.0005579883001161158
3407, 0.00013020356102658572
6481, -4.0518126872868996e-5
29866, 3.590860448591509e-6
32586, 4.870651662848493e-6
8172, -1.1562010680397044e-5
9128, -2.0860512936188363e-5
13373, 2.1634010173048744e-6
1570, 3.3164412994408945e-5
25076, -1.8379537518854477e-6
52222, -2.1141782782949896e-6
129789, -2.1141782782949896e-6
2139, -4.611647127905705e-5
32296, -2.8202552013403085e-6
239608, -1.8186240274775704e-6
7232, 2.953364340593038e-6
228048, -1.1075116277223894e-6
14293, -0.0002559490960590456
38835, -2.324792663381582e-6
30152, -2.820255201340308e-6
7560, -2.147294965975298e-5
13648, 7.341338797768505e-5
12147, -1.9507325869110834e-5
45928, 2.820255201340308e-6
39891, -1.8458527128706486e-6
159656, -2.8202552013403085e-6
1723, -0.0003339826485065533
3219, 9.360179345572463e-6
57104, 1.1075116277223894e-6
61426, -5.408590337628089e-6
12113, 4.0658054630955985e-5
14989, -1.5423229157900607e-5
264, -0.0001980819629670266
4254, 2.138789647799933e-6
13532, 1.8458527128706482e-6
984, -1.8636381883558793e-6
6184, 2.8202552013403073e-6
121709, 2.1141782782949896e-6
13006, 1.3811766116181873e-6
152926, -2.1141782782949896e-6
4943, -2.3397441702479483e-6
2185, 2.240490783640335e-6
54952, -2.065419325172173e-5
54836, -1.5480078857672869e-6
14088, -2.820255201340306e-6
18917, -3.590860448591509e-6
429, -0.009598672468336428
1458, 1.0336775192075635e-6
11836, -3.1408815842349466e-6
54234, -3.590860448591509e-6
4653, -2.138789647799931e-6
149, -0.05499932808216947
47580, 1.8458527128706486e-6
6844, 1.2950915353277857e-6
159146, 3.590860448591509e-6
2954, -0.0003274272958184573
2412, -7.497505095720248e-5
1635, 6.916986969371836e-5
50612, -1.8186240274775704e-6
1726, -0.0015763286891572448
6600, 2.2896808178784426e-5
30336, -2.953364340593038e-6
1890, -0.00032905362291243826
6644, -0.0001701542123513918
9741, 4.800446639242391e-7
38209, 1.1966856656149558e-6
1596, 1.861304356373061e-5
9936, 7.176261158905867e-5
2031, 1.9111273639243345e-5
47434, 4.870651662848492e-6
14515, -2.360216233495742e-6
229333, 3.590860448591509e-6
14933, -0.0002581641193144904
48574, -2.4868384383063173e-5
543, 6.746982302446979e-7
4264, 2.820255201340309e-6
57317, -2.905552364526975e-5
47759, 2.398170058618057e-6
53594, -3.590860448591509e-6
243168, -1.1075116277223894e-6
2169, 2.4674687187714614e-6
3831, -0.0003337679327361262
32746, 2.905552364526975e-5
29856, -1.1075116277223894e-6
14853, 6.069201363534004e-6
9301, 2.9368885334307558e-5
240618, 3.590860448591509e-6
14328, 0.0001700037262731336
26016, -7.801670411943301e-6
49044, 2.0540561799537344e-5
13607, -4.2486429307770925e-6
55020, -1.8458527128706486e-6
6229, -2.936888533430756e-5
47386, 3.590860448591509e-6
1186, 4.037907780706461e-5
26615, 5.176469702355207e-6
50512, 1.1075116277223894e-6
54352, 1.1075116277223896e-6
27456, -2.953364340593038e-6
7961, -1.6219396025882588e-6
29088, -1.1075116277223894e-6
49132, 1.8458527128706486e-6
2606, -8.742247904790992e-7
123, 0.007872460697083436
48237, -2.1387896477999316e-6
48212, 2.8202552013403085e-6
12468, 1.8379537518854477e-6
581, -0.0022607636386314215
1716, -0.0012838444743505473
658, -1.2636350307647335e-5
59517, -2.138789647799932e-6
25824, 1.1075116277223894e-6
4716, 1.845852712870649e-6
57299, -1.8458527128706486e-6
12368, -1.1075116277223896e-6
3242, 0.0002621733730446659
13585, 3.590860448591509e-6
3344, -7.438679608997526e-5
47783, -4.754730260728793e-6
7262, -2.391828499489518e-5
2382, -0.00015649288351382755
4962, -4.919874401858375e-6
6669, -4.7992965233296e-7
2889, -2.5428013110596915e-6
2268, -1.1997808103411004e-5
14242, 4.065423369266019e-5
243373, -2.1141782782949896e-6
13667, 1.0041610376969805e-5
2112, 1.9131724399445817e-5
703, -6.689142543936053e-5
52072, -2.8202552013403085e-6
36832, -1.1075116277223894e-6
6576, 2.215023255444779e-6
15228, 1.7590049211168429e-6
57012, -1.9575467852686955e-5
56852, 2.8202552013403085e-6
245428, 1.8186240274775704e-6
8103, 4.576606984643996e-5
6435, -1.4431638009326032e-6
19792, -1.1075116277223894e-6
48571, -5.176469702355208e-6
25946, 2.9055523645269753e-5
196176, 1.1075116277223894e-6
1913, 1.9558959130520308e-5
12, 0.3858966175961505
1601, 8.044894799084674e-5
25709, 2.1387896477999316e-6
56488, 2.8202552013403085e-6
9663, 2.9288002099151056e-6
109224, 2.8202552013403085e-6
4738, 1.1966856656149562e-6
61317, -4.870651662848492e-6
54927, -2.3981700586180564e-6
2460, 7.519161778358227e-5
6915, -1.391740157367173e-6
6204, 1.0438051180253796e-6
7368, 2.82025520134031e-6
92, 0.0012146754863675477
159696, -1.1075116277223894e-6
120244, -1.8186240274775704e-6
39492, 2.8202552013403085e-6
45758, 2.1387896477999316e-6
3729, 0.0003284615744501465
14235, 4.492784281064009e-5
36842, 3.590860448591509e-6
29118, 2.138789647799932e-6
4764, -1.8458527128706486e-6
9236, -2.8202552013403085e-6
227808, 1.1075116277223894e-6
1422, -1.0336775192075631e-6
48540, -1.845852712870649e-6
3684, 3.248700774652332e-6
6681, -1.6219396025882593e-6
47774, 2.4251590449684543e-5
39604, -1.9575467852686955e-5
59848, 2.8202552013403085e-6
3787, 4.378419470552296e-5
11407, -2.4639566888300674e-6
59572, -1.8379537518854477e-6
11500, -1.845852712870649e-6
6726, 1.2498332210515968e-6
278, 3.2689633254807084e-5
3112, -2.286937764655586e-5
568, 0.0012688502114817772
39532, 1.8458527128706486e-6
444, -3.210660924071251e-5
2304, 3.0330360133384898e-5
61357, 2.396164458356638e-5
19117, 2.1141782782949896e-6
30046, 2.396164458356638e-5
2676, -1.0336775192075625e-6
59562, -3.590860448591509e-6
34282, 3.590860448591509e-6
3029, 0.0018908387305574062
15145, -2.229947297599675e-6
51832, 1.8186240274775704e-6
26535, 4.754730260728792e-6
104144, 1.1075116277223894e-6
24926, -2.138789647799932e-6
15120, 8.130275726877218e-6
49123, 1.8458527128706486e-6
39696, 1.1075116277223894e-6
34302, 2.1141782782949896e-6
48938, 3.590860448591509e-6
121854, -2.1141782782949896e-6
2234, -2.215023255444782e-6
2853, -0.0002502140447780324
24, -0.15091299089386992
26511, -2.367806998520205e-6
116, 0.04021936407642811
12642, 4.919874401858377e-6
3548, 7.715034855044101e-5
3621, 0.0002494764456270776
1774, 7.189535554045972e-6
9596, -1.2950915353277852e-6
14549, -2.936888533430756e-5
103774, 2.1141782782949896e-6
3437, -0.001555972767677129
13598, 2.329621931849622e-5
54922, -4.870651662848492e-6
38234, -2.9055523645269753e-5
9139, 2.3270928952071765e-6
15168, 1.8609821840433127e-5
26036, 1.9609626295297035e-5
2563, 3.042973389188213e-6
9716, 0.0001701526142071388
8638, 2.5055224239613067e-5
25958, 1.100037043575569e-6
13693, -0.0002111491773493766
158181, -3.590860448591509e-6
828, -6.943629599926743e-5
9946, -0.00025091440690790866
12600, -1.5480078857672869e-6
14218, 3.897683660183555e-5
13738, -0.0002581641193144904
228698, 3.590860448591509e-6
51802, -3.590860448591509e-6
9396, 1.9714735779437494e-5
9207, 5.194042179089642e-6
54769, -5.393293795987883e-6
25992, -2.8202552013403073e-6
55026, -5.393178784396604e-6
129504, -1.1075116277223894e-6
26576, -7.51172454582514e-6
77, 0.00894378239314917
45738, 3.590860448591509e-6
14262, 2.587310796884949e-6
1631, 1.8801701342268758e-6
196576, 1.1075116277223894e-6
550, -4.866654463672664e-5
6300, -1.8458527128706493e-6
3046, 3.817002166606122e-5
240608, -1.1075116277223894e-6
39577, -1.100037043575569e-6
158426, 3.590860448591509e-6
60660, -1.8379537518854477e-6
13619, -2.151355183731734e-6
14247, -4.576227446392773e-5
220013, -2.1141782782949896e-6
13403, 4.8320491583603036e-6
14265, -2.9722545928982403e-6
6531, 3.996582842344473e-6
31957, 3.590860448591509e-6
37224, 2.8202552013403085e-6
2829, -7.855220391183644e-6
196436, -2.8202552013403085e-6
948, 0.008048596141726842
159741, 2.1141782782949896e-6
25955, -1.8458527128706486e-6
26530, -4.919874401858376e-6
6456, 1.8246252762989512e-5
9002, -3.590860448591509e-6
14150, -1.2545720661843867e-6
245418, 3.590860448591509e-6
1621, -0.0019005047558745152
1833, -7.5977691662162675e-6
717, -0.001293911292382679
1686, -1.6166678595679296e-6
239518, -2.1141782782949896e-6
3167, 2.436525580989256e-6
212, -0.04137876713164793
38869, -2.905552364526975e-5
2938, 8.754013774592059e-6
54432, 1.1075116277223894e-6
45748, 1.8379537518854479e-6
37364, 1.8379537518854477e-6
13368, -1.3353809172806356e-6
9886, 0.0002073773084038804
47464, 2.0555628317994996e-5
130389, -3.590860448591509e-6
9895, -4.570488367987914e-5
39771, -4.754730260728793e-6
47184, -1.1075116277223896e-6
3763, -0.00012699839938928414
226, -0.013193429191874745
43, 0.019595281383140963
48933, 3.590860448591509e-6
130974, 2.1141782782949896e-6
6684, -1.845852712870649e-6
3846, -1.4971750177737766e-6
121464, 1.8186240274775704e-6
711, -0.0003204658741327339
6849, -8.5807339651416e-6
2529, 4.859103115207179e-6
576, 0.0009377634486876434
11963, 4.8199876832920904e-5
281, 4.866654463672662e-5
54584, 1.5480078857672869e-6
54269, -2.1387896477999316e-6
14554, -2.8282906272119542e-5
56877, -2.1387896477999316e-6
49029, 4.870651662848492e-6
54942, -2.4253347697357986e-5
54592, 2.953364340593038e-6
9381, 2.9368885334307558e-5
12033, -2.2844219754764203e-6
1006, -2.62870349620869e-5
58026, -3.590860448591509e-6
15343, 2.6556643460595573e-6
2964, -0.001352418523586371
3225, 5.320953001832171e-6
1793, 1.4541907529458528e-5
7439, -5.198732344256251e-6
19797, 3.590860448591509e-6
6509, 0.0002073773084038804
34132, 2.8202552013403085e-6
2445, 0.00015705190828046244
32286, -2.138789647799931e-6
2983, 0.00031535604409093347
14102, 2.229947297599675e-6
9855, -2.9288002099151048e-6
38874, -2.905552364526975e-5
60797, 2.486662713538973e-5
7469, 2.3062505377928247e-5
51162, -3.590860448591509e-6
14207, -2.927075036045909e-6
2086, -1.8538962954827882e-6
2818, 1.4541907529458523e-5
636, 3.210660924071251e-5
243413, -3.590860448591509e-6
13772, -4.430046510889558e-6
3465, -8.160072092581753e-6
6658, 2.052465282581891e-6
8635, 5.194042179089642e-6
14542, 1.3420715595541532e-6
27603, 1.8458527128706486e-6
58346, -3.590860448591509e-6
12862, 2.138789647799932e-6
8493, 2.138789647799931e-6
38801, 4.9198744018583755e-6
1037, 2.7405703861924616e-8
2978, -0.00033241553739010585
245613, -2.1141782782949896e-6
469, -0.011509503327915277
3207, 5.042918879173512e-6
7973, -2.7622181146904823e-5
159061, 3.590860448591509e-6
13048, 1.978845820944781e-5
9696, -7.174743005900976e-5
47852, 1.8458527128706486e-6
9975, -4.807911466207718e-5
19892, 1.8186240274775704e-6
3004, 6.599911359227135e-6
3089, -1.6957849967109757e-6
18797, 2.1141782782949896e-6
9486, -4.799296523329613e-7
3953, 1.0336775192075644e-6
47778, 4.919874401858376e-6
15244, 2.2150232554447784e-6
60828, 1.845852712870649e-6
12073, 2.229947297599675e-6
698, -4.0279830261274694e-5
9473, -2.0524652825818916e-6
106074, 3.590860448591509e-6
47744, -2.953364340593038e-6
38904, 1.9576847991782307e-5
15304, 2.2961214669901076e-5
7949, -5.634280676020514e-7
38189, -2.1387896477999316e-6
15148, 1.8458527128706486e-6
4798, -2.5055224239613064e-5
3329, -1.2939352187285165e-5
3514, 1.0551678144524662e-5
12943, 2.430833350541503e-6
6639, 2.655664346059558e-6
9883, 4.487603679602397e-5
1886, -0.0015483931022942186
103789, -2.1141782782949896e-6
263, 4.3976687317618896e-5
60702, -2.1387896477999316e-6
191316, -2.8202552013403085e-6
47784, 2.0654078240130448e-5
3123, 2.1130563238355796e-6
27156, -2.8202552013403085e-6
39538, 5.210080331079257e-6
4304, 1.1075116277223896e-6
239528, -2.8202552013403085e-6
109274, -3.590860448591509e-6
190461, -2.1141782782949896e-6
2331, -4.310931588701515e-5
27255, 5.176469702355209e-6
404, 0.008396391899733086
56538, -3.590860448591509e-6
51112, 2.8202552013403085e-6
26604, -1.8458527128706486e-6
15043, -2.7239645658458867e-6
34142, 2.1141782782949896e-6
47475, -2.324792663381582e-6
1916, 6.599911359227136e-6
39706, -3.590860448591509e-6
2772, -1.0336775192075614e-6
60110, -1.3742759161414022e-6
54626, -4.919874401858376e-6
7619, 2.723964565845887e-6
7397, -2.8282906272119546e-5
27326, 2.4868384383063173e-5
240493, -2.1141782782949896e-6
11397, -4.895263032353436e-6
38892, 1.8458527128706486e-6
31962, 3.590860448591509e-6
29, 0.17052022915949527
27272, -2.8202552013403085e-6
2812, -2.0673550384151267e-6
103924, 1.8186240274775704e-6
27292, 1.8458527128706486e-6
3826, 0.0003931104720307883
2502, -4.291750935424218e-6
14947, 1.0370577851726712e-5
29093, 3.590860448591509e-6
12163, -3.997962981439829e-6
2835, 6.614283683887005e-6
11460, -2.8202552013403085e-6
129709, -2.1141782782949896e-6
38829, -2.3963401831239823e-5
59966, -2.1387896477999316e-6
6688, 7.898319033982688e-6
27471, 2.367806998520205e-6
239578, 3.590860448591509e-6
8154, 0.00025066655692870083
3397, 0.0003281739044058307
120724, 2.8202552013403085e-6
38142, 2.138789647799931e-6
2886, 8.151768248497748e-6
12768, -7.608373167864526e-6
284, 7.476970802794117e-5
11856, -7.334886647497713e-5
11861, 0.0002581641193144904
14887, -4.248642930777094e-6
51117, -2.1141782782949896e-6
6334, -2.5287180932507594e-5
20437, 3.590860448591509e-6
191146, -3.590860448591509e-6
7249, -4.944485771363319e-6
71, 0.0018782289512223106
9330, -5.1269258395550796e-6
7484, -3.1408815842349466e-6
48525, -1.5486334885214886e-6
153066, -3.590860448591509e-6
32538, 3.590860448591509e-6
7458, -3.590860448591509e-6
606, -0.009598672468336426
6504, -0.0001804922134625895
3082, -7.0230608383934275e-6
60791, 5.176469702355209e-6
38688, -1.1075116277223894e-6
109214, 2.1141782782949896e-6
9787, 5.775691158999408e-6
55037, 2.4578438516945013e-5
586, -0.002281105434544344
196221, -2.1141782782949896e-6
30061, -2.425159044968454e-5
9901, -0.0002063570255586496
29588, -2.8202552013403085e-6
6886, 4.8047809801686995e-6
111, -0.00033737334242884133
109029, 3.590860448591509e-6
59732, -2.0654193251721733e-5
13027, 1.8458527128706486e-6
34557, -2.1141782782949896e-6
219128, -1.8186240274775704e-6
9951, 2.655664346059558e-6
3780, 0.00019408724147623526
8098, -4.065805463095598e-5
38331, -5.176469702355208e-6
47424, -2.953364340593038e-6
1876, -0.0013550753412822196
763, -0.0018879278126783864
13748, -0.000169973913885841
59704, 1.5480078857672869e-6
11431, 4.8320491583603e-6
37584, 1.1075116277223894e-6
9593, -2.576154672530814e-6
6862, -1.5056039696041079e-5
60100, -2.8202552013403085e-6
39744, 2.953364340593038e-6
11432, -2.0879374837158235e-5
58206, -2.1387896477999316e-6
14878, 2.3064262625601684e-5
56568, 1.8379537518854479e-6
14908, 3.2091984694551125e-6
736, 0.0033975984498992176
591, -0.0006468474175826558
1179, 4.546457742496083e-5
11776, 3.980432869709379e-6
2491, 0.00033387407549844317
53694, -2.138789647799932e-6
9576, 0.00018048823894731685
155316, -1.8186240274775704e-6
56872, 2.8202552013403085e-6
61216, 1.1075116277223894e-6
48498, 5.225031837945622e-6
12605, 2.138789647799932e-6
196596, -1.8186240274775704e-6
49058, 4.919874401858376e-6
1536, -3.0330360133384898e-5
6494, -0.00020635702555864957
846, -0.0013053660116188383
8094, -0.0002074913999024299
1677, -0.0001564928835138275
12962, 4.919874401858376e-6
1672, 0.0001852254796525359
158456, -1.8186240274775704e-6
918, 1.7216918772312303e-6
11422, -2.4672144246802406e-5
2926, 7.961454643917446e-6
593, -0.002307439465591464
239533, 2.1141782782949896e-6
15290, -2.2150232554447805e-6
9629, 1.1444953638129562e-6
153056, 1.1075116277223894e-6
4948, -2.0860512936188366e-5
9590, 2.9610984685441063e-6
27408, -1.1075116277223894e-6
32392, -2.8202552013403085e-6
27261, 2.4868384383063173e-5
1191, -4.611647127905704e-5
60752, -7.8016704119433e-6
191486, -2.1141782782949896e-6
3349, 0.00026559890333778584
158036, -2.8202552013403085e-6
12458, 3.590860448591509e-6
60837, 2.905552364526975e-5
963, 6.696007566301766e-5
32381, 2.4868384383063173e-5
2129, -4.0379077807064605e-5
3043, -6.491274091619014e-5
39880, 2.8202552013403085e-6
25056, 1.1075116277223894e-6
190416, 1.1075116277223894e-6
47571, 1.8458527128706486e-6
14973, -0.0002110607665064537
2089, -2.138487424743611e-6
12478, 2.138789647799932e-6
1091, 2.6938248627570612e-6
178, 0.014185866761582054
31992, -1.8379537518854474e-6
189816, 1.8186240274775704e-6
30008, -1.5480078857672869e-6
6784, 1.8841778533327654e-5
3926, 1.0754355761473609e-6
49149, -2.4578438516945013e-5
9527, 5.775691158999408e-6
2998, -1.9558959130520304e-5
59742, -2.3963401831239823e-5
30031, 2.398170058618057e-6
49051, 4.754730260728793e-6
39614, -2.486662713538973e-5
61329, -4.919874401858376e-6
47421, 2.138789647799932e-6
27316, 1.957684799178231e-5
1073, 7.343397582471756e-6
129524, 1.8186240274775704e-6
8533, 2.936888533430756e-5
54632, -2.0555743329586274e-5
48372, 1.8379537518854477e-6
189876, -1.8186240274775704e-6
38280, 2.8202552013403073e-6
1449, -1.0754355761473609e-6
48503, -5.176469702355209e-6
9575, -4.487911532288002e-5
47829, -2.905552364526975e-5
1757, 7.098771431676824e-6
32533, 3.590860448591509e-6
6464, 1.8841778533327654e-5
2344, -0.00019257725638727397
2021, -0.0018525331948878619
58, -0.19018836771304642
9907, -1.9480970385842982e-5
48474, -2.905552364526975e-5
58036, -1.837953751885448e-6
2179, 2.6938248627570604e-6
54619, -4.754730260728792e-6
57936, 1.1075116277223894e-6
9108, -2.0762063014052905e-5
106494, 2.1141782782949896e-6
9103, -2.3397441702479483e-6
109994, -3.590860448591509e-6
9666, -8.580733965141596e-6
5088, 7.608373167864526e-6
6678, -2.2299472975996747e-6
29781, 3.590860448591509e-6
2406, 3.900070030252231e-5
29613, 2.1387896477999316e-6
109909, -3.590860448591509e-6
13338, 3.590860448591509e-6
194301, 2.1141782782949896e-6
56988, -1.8458527128706486e-6
53584, 1.1075116277223894e-6
3389, 0.00021443715184193388
1656, 0.0012845693993130485
50622, -2.1141782782949896e-6
121429, -3.590860448591509e-6
1492, -1.0336775192075625e-6
39444, 2.8202552013403085e-6
2127, -2.0424898339467535e-5
37354, 3.590860448591509e-6
9958, -4.804780980168701e-6
48520, 2.820255201340308e-6
2389, 0.0019013904087019308
58216, -2.820255201340308e-6
2098, 7.343397582471752e-6
61420, -1.8458527128706486e-6
13566, 2.4533321680600367e-5
9730, -2.0524652825818916e-6
7194, -3.590860448591509e-6
7441, -3.590860448591509e-6
3832, 0.0012849578160036156
61431, 5.176469702355208e-6
120144, 1.1075116277223894e-6
27597, 1.3589793745011968e-6
305, 0.000429991088888581
219733, 3.590860448591509e-6
11511, 5.253788599986719e-6
57167, -2.367806998520205e-6
38799, 2.367806998520205e-6
219728, -1.1075116277223894e-6
37374, 2.138789647799932e-6
2239, -2.9541027599966484e-6
19832, -1.8186240274775704e-6
60042, -4.870651662848492e-6
50522, -3.590860448591509e-6
38903, -5.176469702355207e-6
33, 0.06017275457898171
2673, 1.0336775192075633e-6
13553, 5.557069190941311e-6
32370, -5.209850307896697e-6
1338, -1.0336775192075642e-6
47429, 4.870651662848493e-6
3660, 1.3161190939588103e-5
155616, 1.1075116277223894e-6
48514, 1.1966856656149553e-6
13042, 5.387543216423896e-6
26772, -2.8202552013403085e-6
9780, 1.8246252762989515e-5
59751, 4.7547302607287936e-6
1901, 0.0015562179330241598
513, 9.473167433851568e-5
3852, 2.0673550384151267e-6
54946, -4.919874401858376e-6
26877, 2.138789647799932e-6
2505, 4.375364362284589e-6
27238, 1.100037043575569e-6
59477, -3.590860448591509e-6
3651, 2.603181715568763e-5
193901, 2.1141782782949896e-6
189866, -3.590860448591509e-6
32364, -1.8458527128706486e-6
401, 0.0022951142477918717
7544, -0.00016982389335395214
219048, -2.8202552013403085e-6
60771, -1.8458527128706486e-6
822, -1.233897361205673e-5
238933, 3.590860448591509e-6
37344, -1.1075116277223894e-6
903, 0.00032819331864059823
9115, -4.772302737463226e-6
8301, 2.1387896477999316e-6
9546, 4.058647547070971e-5
14333, -0.00020935515775958577
1094, -2.240490783640336e-6
26797, 2.1387896477999316e-6
59582, -2.138789647799932e-6
32717, 1.359094386092476e-6
109229, -2.1141782782949896e-6
13793, -1.3144212597356638e-6
1614, 0.0001570519082804624
27466, 4.870651662848493e-6
438, 9.203393910026098e-5
6651, -4.807911466207718e-5
46078, 2.138789647799931e-6
59557, -3.590860448591509e-6
11517, 2.4533321680600377e-5
54779, -5.176469702355208e-6
11523, -1.159783464472644e-6
219738, 3.590860448591509e-6
2423, 0.0003339826485065533
3452, -5.074605950513427e-6
6474, -4.0584718223036264e-5
227668, -2.8202552013403085e-6
26837, 3.590860448591509e-6
60786, -5.225146849536901e-6
483, 0.00033517754063082947
14192, 2.215023255444779e-6
38212, 2.8202552013403085e-6
30203, 5.176469702355208e-6
452, 0.0014219421919589562
6811, -4.487911532288002e-5
202, -0.012862368934288179
110544, 1.1075116277223894e-6
192, 0.00474317722843594
729, -0.0001879416427172417
32616, 2.0540561799537348e-5
191136, 1.1075116277223894e-6
48958, 2.1387896477999316e-6
110494, 2.1141782782949896e-6
14082, -2.2844219754764195e-6
59552, 1.1075116277223894e-6
2248, 2.3921503683582944e-5
32766, 2.4578438516945013e-5
27176, -2.8202552013403085e-6
39544, 1.9609626295297038e-5
9190, 1.1000370435755687e-6
14595, 1.159783464472644e-6
12948, 2.080760760419968e-5
9570, 3.9961733840104324e-5
51792, 1.1075116277223894e-6
2361, 1.6243503873261674e-6
14310, -4.854120952827709e-6
11301, -3.590860448591509e-6
29648, -1.1075116277223894e-6
104184, 1.8186240274775704e-6
48928, -1.1075116277223894e-6
30026, 4.870651662848492e-6
13393, 4.94448577136332e-6
218453, 3.590860448591509e-6
240288, -1.1075116277223894e-6
7611, 4.815053686026189e-5
5115, -5.194042179089643e-6
1343, -2.0673550384151267e-6
6243, 1.845852712870649e-6
48561, -5.209850307896697e-6
189776, 1.1075116277223894e-6
424, 0.008408302747093668
1842, 5.895381845066861e-5
55011, -1.8458527128706486e-6
2508, 2.074487776366686e-5
3479, 1.1017942912490124e-6
47789, -2.396164458356638e-5
924, 0.0003791570221347862
15154, 6.585747882335568e-6
37214, 2.138789647799932e-6
158176, 1.1075116277223894e-6
60037, -4.870651662848492e-6
1650, 0.00038782062097985227
59877, -2.9055523645269753e-5
7419, -5.253788599986719e-6
8104, -0.0001808275883162123
47764, 2.0555628317994993e-5
15208, -0.00018037941579488885
8478, -2.1387896477999316e-6
3363, 6.660477195123651e-6
228788, 1.8186240274775704e-6
191461, -3.590860448591509e-6
14479, 2.433593628732216e-6
27221, 2.905552364526975e-5
8426, -3.590860448591509e-6
54929, -4.919874401858376e-6
60792, -1.9575467852686955e-5
18942, -2.1141782782949896e-6
9861, 4.0584718223036264e-5
57182, -2.396164458356638e-5
13410, 4.944485771363315e-6
55002, 2.9055523645269753e-5
101, 0.054378880108084685
6557, -1.144495363812956e-6
54544, 1.1075116277223894e-6
14913, 9.42562413367083e-6
54733, -1.3742759161414018e-6
120744, 2.8202552013403085e-6
109949, -2.1141782782949896e-6
25066, -3.590860448591509e-6
20477, 2.1141782782949896e-6
26009, 1.1000370435755685e-6
32736, -7.51172454582514e-6
12106, 4.0354518777815174e-5
9118, -2.4440187553907873e-5
6841, 2.9610984685441054e-6
6664, 2.820255201340308e-6
1254, -4.854350976010268e-6
8416, 1.1075116277223894e-6
109204, 2.8202552013403085e-6
3092, -2.2869377646555873e-5
6874, 0.00025084321473290653
49102, 1.359094386092476e-6
72, -0.008620266112576713
8149, 0.0002559490960590456
49064, 2.0639011721672803e-5
2321, -3.316441299440895e-5
30172, 1.8458527128706486e-6
32341, 2.905552364526975e-5
129384, 2.8202552013403085e-6
30016, -2.953364340593038e-6
153261, 2.1141782782949896e-6
14202, -2.2150232554447797e-6
52062, -2.1141782782949896e-6
11316, -1.335380917280636e-6
938, 0.011549759005742382
14268, -1.7590049211168433e-6
27181, 2.1387896477999316e-6
30240, -1.1075116277223894e-6
60520, -2.8202552013403085e-6
6159, 1.3073922690418896e-6
47416, -1.5480078857672869e-6
13328, -1.1075116277223894e-6
14968, 0.000169973913885841
18, -0.060172754578981705
7580, 1.1040108121384353e-5
3063, 0.00033387499792987573
3732, 0.0013531701729589194
57186, -4.9198744018583755e-6
52052, -2.8202552013403085e-6
4788, -1.972393670673988e-5
9533, 2.538734404989387e-5
59717, -4.870651662848493e-6
218548, 1.8186240274775704e-6
13421, -2.46721442468024e-5
57288, 2.8202552013403085e-6
2314, -5.09706975276704e-5
52212, -1.8186240274775704e-6
130429, -2.1141782782949896e-6
3752, 0.0013558762565640367
753, -0.0026162311087081333
9976, 0.0001701542123513918
30043, 4.754730260728792e-6
1482, -1.0336775192075652e-6
3701, -1.0551678144524662e-5
6438, -1.621939602588259e-6
15225, 2.5873107968849516e-6
51192, 1.8186240274775704e-6
38818, 4.919874401858376e-6
51882, -3.590860448591509e-6
56997, -2.905552364526975e-5
190426, -3.590860448591509e-6
45733, 3.590860448591509e-6
3757, -0.0015480364664340635
4768, 7.898319033982688e-6
51197, -2.1141782782949896e-6
228798, 2.1141782782949896e-6
8183, 4.813225001724842e-5
6401, 2.0524652825818916e-6
9955, 1.0070265184237742e-5
1711, 1.8801701342268692e-6
2026, -0.0018908387305574062
9612, -2.2150232554447784e-6
6773, 2.2150232554447797e-6
1986, 7.262749495254936e-5
423, -0.0017920147487315442
30163, 1.8458527128706486e-6
39761, -4.919874401858377e-6
23, 0.019595281383140963
27166, -2.138789647799931e-6
315, 0.00034808465484383386
32416, -7.801670411943301e-6
30056, 2.0555628317994996e-5
9122, -4.9198744018583755e-6
712, 0.0014219421919589562
194216, -2.8202552013403085e-6
12070, 1.6219396025882595e-6
6222, 1.687681391349773e-6
1232, 7.171556851513852e-5
2287, 4.039735520681747e-6
106069, 3.590860448591509e-6
11901, 0.00021104649124155164
921, 0.00019138855904317942
11980, 4.430046510889557e-6
96, -0.01712220387179042
54728, 2.820255201340308e-6
59902, -2.4578438516945013e-5
14259, -1.9504866116651877e-5
819, 0.00012840548507606276
8006, 1.2545720661843873e-6
3378, -5.9333724680838595e-5
9196, -1.8458527128706486e-6
9683, 1.0070494483195779e-5
2499, 1.8034812867505932e-5
6654, -0.00020930581778692676
38285, -1.5487485001127692e-6
26501, -4.870651662848492e-6
2457, 3.881196993744462e-5
26842, 3.590860448591509e-6
8178, -5.029042182634721e-5
26547, 2.324792663381582e-6
15108, 2.8202552013403085e-6
47658, 3.590860448591509e-6
12749, 1.381176611618186e-6
6450, 6.72571698892301e-6
2949, -0.0003318978897783216
1746, 4.859103115207181e-6
19877, 3.590860448591509e-6
25236, -2.8202552013403085e-6
3039, -1.9111273639243345e-5
49024, -2.953364340593038e-6
11932, 1.1040108121384353e-5
59946, -3.590860448591509e-6
783, -0.00020116296454647487
50592, 1.1075116277223894e-6
60140, -1.8458527128706486e-6
63, -7.284067358323993e-5
630, -9.765238723392119e-5
12172, -2.2150232554447784e-6
3132, -4.668027178409133e-6
47749, 4.870651662848492e-6
196261, -3.590860448591509e-6
2474, 0.0019005047558745152
2542, -7.098771431676824e-6
38246, -1.100037043575569e-6
14156, 2.2150232554447784e-6
11494, 1.1000370435755685e-6
8115, 1.9507325869110828e-5
209, -0.013193429191874747
34272, -1.1075116277223894e-6
11821, 2.3294462070822774e-5
1292, 3.10103255762269e-6
56533, -3.590860448591509e-6
220148, 1.8186240274775704e-6
106064, -1.1075116277223894e-6
39504, 7.801670411943301e-6
49034, 4.870651662848492e-6
15105, 2.2844219754764203e-6
12413, 2.138789647799933e-6
6258, 5.141992358012726e-6
3533, 0.0001538979034583094
3643, 5.028105605848032e-5
2434, -8.044894799084671e-5
129784, 1.8186240274775704e-6
106154, 3.590860448591509e-6
6314, -2.9368885334307558e-5
3766, 1.9455653049991792e-5
59956, -1.5480078857672869e-6
15028, -0.00016981921704489883
6174, 2.1634010173048727e-6
25341, 2.1387896477999316e-6
9804, 2.2150232554447784e-6
27612, 1.8458527128706486e-6
240218, 3.590860448591509e-6
32763, 5.176469702355208e-6
14368, -1.107511627722389e-6
785, -0.0003058062440305535
378, -3.5019681727275046e-5
6869, 0.0002559490960590456
245438, 2.1141782782949896e-6
9105, -4.9198744018583755e-6
189781, -3.590860448591509e-6
3282, -1.607881621200711e-6
57191, 4.7547302607287936e-6
37992, 2.8202552013403085e-6
25901, 2.1387896477999316e-6
2792, -1.0336775192075593e-6
756, -0.00805025297726987
39795, 2.324792663381582e-6
191476, -1.8186240274775704e-6
1541, 5.0970697527670404e-5
8528, -7.898319033982686e-6
12189, 1.1596768938618812e-6
825, 1.2338973612056725e-5
3646, 0.0002144371518419338
57981, -2.138789647799932e-6
7625, 1.3759249283061821e-6
14893, -2.329621931849622e-5
9603, -3.9965828423444716e-6
11971, 2.7239645658458867e-6
27609, 1.100037043575569e-6
37624, 1.837953751885448e-6
45908, 2.8202552013403085e-6
2878, -0.00021482354412541898
159646, -2.1141782782949896e-6
37594, -3.590860448591509e-6
57002, -2.905552364526975e-5
109044, 1.8186240274775704e-6
219028, -2.8202552013403085e-6
47229, 2.138789647799932e-6
194206, -2.1141782782949896e-6
12744, -2.8202552013403073e-6
49109, -2.905552364526975e-5
13376, -2.953364340593038e-6
4244, 2.8202552013403085e-6
61312, 2.953364340593038e-6
13704, 2.1408658180227594e-5
103784, 2.8202552013403085e-6
38886, -1.100037043575569e-6
3777, 7.234276582358234e-5
27226, 2.905552364526975e-5
30416, 7.51172454582514e-6
32397, 1.5334519584725629e-6
12232, -2.2961329681492358e-5
2052, 2.8202552013403085e-6
3208, -2.1058138402932484e-5
155226, -3.590860448591509e-6
246, -0.0002762107351907844
6698, -3.1242111354198225e-5
57322, -2.905552364526975e-5
4727, -5.194042179089643e-6
2069, -3.244112587065151e-5
159096, -1.8186240274775704e-6
30376, 2.0654078240130448e-5
190381, -2.1141782782949896e-6
1734, 4.375364362284589e-6
50597, -3.590860448591509e-6
49063, -4.754730260728793e-6
29108, 1.8379537518854477e-6
190421, -3.590860448591509e-6
243198, 2.1141782782949896e-6
8084, -0.000180372696640573
153341, 2.1141782782949896e-6
32603, 4.7547302607287936e-6
218528, -1.1075116277223894e-6
2923, 1.1017942912490153e-6
3739, 0.0003167207572005005
27473, 4.919874401858377e-6
14099, -1.363460768175743e-6
798, -0.0015604508406646344
18792, -2.8202552013403085e-6
6469, -3.9208793294730085e-5
229338, 3.590860448591509e-6
768, 0.00019207184556749922
47843, 1.8458527128706486e-6
26021, 2.905552364526975e-5
26536, -2.0638896710081525e-5
26792, -2.8202552013403085e-6
12773, 2.9368885334307565e-5
8604, 1.8458527128706495e-6
3591, 5.005937271990005e-6
30455, -5.176469702355209e-6
19902, 2.1141782782949896e-6
129754, -3.590860448591509e-6
2282, -0.000257890994750806
533, -0.001952524947590585
6297, -1.100037043575568e-6
219133, 2.1141782782949896e-6
993, 2.097812463080752e-5
7938, 2.2844219754764195e-6
108884, 2.8202552013403085e-6
57022, -2.486662713538973e-5
106149, 3.590860448591509e-6
9856, -1.8841778533327654e-5
245748, 1.8186240274775704e-6
38883, 1.8458527128706486e-6
153336, -1.8186240274775704e-6
2358, -1.624350387326167e-6
12625, 4.919874401858375e-6
8628, 1.978845820944781e-5
51877, -3.590860448591509e-6
2439, 4.601274946910637e-5
2858, -0.0002664785803362698
3636, 0.00016297456937900315
13653, -0.0002581641193144904
6331, -5.253788599986717e-6
61246, -2.1387896477999316e-6
120824, 1.8186240274775704e-6
989, -2.6287034962086904e-5
60802, -1.1966856656149553e-6
9173, 2.936888533430756e-5
8296, -2.8202552013403085e-6
32324, -2.8202552013403085e-6
4344, 1.8379537518854477e-6
131034, -3.590860448591509e-6
11419, -4.832049158360302e-6
48382, 2.138789647799931e-6
27621, 2.905552364526975e-5
54357, -3.590860448591509e-6
56922, -2.905552364526975e-5
38258, 5.225146849536903e-6
633, 9.203393910026095e-5
158421, 3.590860448591509e-6
38243, 1.8458527128706486e-6
11815, 4.248642930777094e-6
29053, 2.1387896477999316e-6
464, 0.0033975984498992176
3117, 2.28311202881986e-5
9587, -1.948343013830194e-5
384, -0.0009377634486876434
61332, -2.0540446787946067e-5
59727, -2.398170058618057e-6
45658, 3.590860448591509e-6
479, 0.00010142321672698499
9256, -2.8202552013403073e-6
239008, -1.1075116277223894e-6
14923, 4.767030994442897e-6
240628, 1.8186240274775704e-6
15321, -4.854120952827709e-6
15303, -5.255902319656474e-6
158056, -2.8202552013403085e-6
6783, 2.9288002099151048e-6
11409, -4.944485771363316e-6
15178, -4.035276153014173e-5
29598, -2.1387896477999316e-6
30013, 2.138789647799932e-6
54932, -2.055574332958627e-5
243028, 2.8202552013403085e-6
1978, -1.078363483741919e-5
9689, 4.804780980168701e-6
6324, -1.972991730948642e-5
108894, 2.1141782782949896e-6
12135, -4.4930786074357094e-5
8538, 2.9368885334307565e-5
2974, -0.0015562179330241598
6524, 1.2950915353277852e-6
3569, 0.00039311047203078827
49039, 2.367806998520205e-6
159166, 2.1141782782949896e-6
155256, 1.8186240274775704e-6
9393, 5.141992358012726e-6
3192, -0.00017171176970656726
60849, 5.209965319487977e-6
39778, -4.9198744018583755e-6
191326, -2.1141782782949896e-6
414, 0.009628248700687314
245598, 2.1141782782949896e-6
56962, 1.1966856656149558e-6
9876, 0.00018049221346258946
6515, 1.9480970385842982e-5
27306, 2.905552364526975e-5
2824, 2.371165419271215e-5
228728, -1.8186240274775704e-6
39701, -3.590860448591509e-6
60692, -2.8202552013403085e-6
25829, -3.590860448591509e-6
7189, -3.590860448591509e-6
139, 0.0018782289512223106
12101, 3.8978593849508995e-5
3579, 0.0003337679327361261
48352, -1.1075116277223894e-6
46068, 1.837953751885448e-6
60859, 5.176469702355208e-6
9493, 3.1242111354198225e-5
1272, 0.0001720156047228745
59512, 1.8379537518854479e-6
51892, -1.8186240274775704e-6
3072, 4.8357274108420645e-6
54762, -2.9055523645269753e-5
29048, -1.8379537518854477e-6
159661, 2.1141782782949896e-6
2646, 1.0754355761473609e-6
9498, 2.7390224454010293e-5
6801, -3.9961733840104324e-5
4890, -3.590860448591509e-6
155216, 1.1075116277223894e-6
2409, 1.6166678595679296e-6
48429, -2.1387896477999316e-6
1172, 0.00018236809853005396
54622, -2.3963401831239823e-5
7422, -2.4533321680600367e-5
6209, 1.4286423585094847e-6
19802, 3.590860448591509e-6
57114, -3.590860448591509e-6
3572, 0.0012849578160036156
3956, -1.0336775192075614e-6
11977, 1.3759249283061823e-6
48, 0.06502395353209184
11854, -1.549414920872439e-5
60757, 2.905552364526975e-5
13827, -1.159783464472644e-6
38291, -1.8458527128706486e-6
13721, -5.018242493583897e-6
9648, -2.215023255444779e-6
2338, -3.3586152436035366e-5
20397, 2.1141782782949896e-6
746, -0.011509503327915277
39120, 1.1075116277223896e-6
2152, -0.00018236809853005396
2049, 2.70791866477628e-6
15139, -1.3634607681757432e-6
14589, -2.4533321680600377e-5
39900, -1.8458527128706486e-6
3837, -0.0015690076995969534
9765, 2.7390224454010293e-5
3562, 0.001890185034422885
14956, 1.1040108121384354e-5
2514, -4.95973825757695e-6
39469, -2.1387896477999316e-6
7499, -4.767030994442896e-6
6766, 1.1444953638129543e-6
7385, -1.1000370435755693e-6
47834, -2.905552364526975e-5
6321, -5.126925839555081e-6
2349, 0.00020555201625084102
14491, 4.832049158360302e-6
2209, -1.0754355761473615e-6
6291, -1.8458527128706486e-6
2464, -0.0005488691371633951
836, -0.0013867905646083574
6799, -2.0123603063700215e-5
245328, -1.1075116277223894e-6
11491, -1.845852712870649e-6
3654, -8.160072092581753e-6
1298, -1.0754355761473615e-6
51872, 1.1075116277223894e-6
8573, 2.505522423961306e-5
363, -2.0348395535339893e-6
13563, 5.253788599986719e-6
2892, -1.3161190939588103e-5
48462, 1.5334519584725627e-6
1266, 5.12327351089077e-5
955, 0.001888202858780236
6859, -5.263163453327683e-6
25256, -2.8202552013403085e-6
3369, 7.596043992347072e-6
8488, -2.820255201340308e-6
3247, 2.4365255809892565e-6
11482, 2.8282906272119542e-5
3539, 6.625481537488932e-5
129509, 3.590860448591509e-6
59889, -5.393178784396603e-6
6274, 1.4286423585094843e-6
4728, 1.9788458209447802e-5
12223, 2.927075036045909e-6
449, 0.0005020123621690666
57293, -1.3589793745011966e-6
14938, -0.000252323428931665
30353, 4.919874401858376e-6
1066, 3.244112587065151e-5
57192, -2.054044678794607e-5
239013, 3.590860448591509e-6
56478, 2.138789647799932e-6
7247, -2.4639566888300686e-6
240253, 2.1141782782949896e-6
32723, 1.8458527128706486e-6
1692, -7.49750509572025e-5
1883, -0.0003153560440909335
39080, 2.8202552013403085e-6
56468, 2.8202552013403085e-6
1731, -1.803481286750593e-5
193896, -2.8202552013403085e-6
58341, -3.590860448591509e-6
129534, 2.1141782782949896e-6
60825, 1.1000370435755685e-6
3, 0.5441408018904587
239613, 2.1141782782949896e-6
3232, -7.498020923776399e-5
25246, -2.1387896477999316e-6
2242, 8.087840948131375e-6
61380, -2.8202552013403085e-6
3237, 0.0002568613487278545
928, -0.0034363319395342828
14858, 7.110286287798216e-6
32596, 2.0639011721672806e-5
3820, 7.715034855044102e-5
7985, -6.58540284756173e-6
106144, -1.1075116277223894e-6
14129, 6.585747882335568e-6
60151, 5.176469702355209e-6
9516, -1.8458527128706486e-6
48232, 2.8202552013403085e-6
30260, 1.5480078857672869e-6
39571, -1.8458527128706486e-6
245728, -1.1075116277223894e-6
2928, -9.913797239064702e-6
51157, -3.590860448591509e-6
15285, -2.2150232554447805e-6
15130, -2.762218114690482e-5
61363, 2.324792663381582e-6
49138, 5.408475326036809e-6
61390, -1.3589793745011966e-6
3339, -5.005937271990007e-6
159066, 3.590860448591509e-6
9873, 3.996160253049697e-5
6421, -3.1242111354198225e-5
51902, -2.1141782782949896e-6
26526, -2.4251590449684543e-5
58046, -2.138789647799932e-6
3180, -1.10014486725686e-5
106109, 2.1141782782949896e-6
240468, 2.8202552013403085e-6
240208, -1.1075116277223894e-6
14286, 1.494155426519973e-5
47648, -1.1075116277223894e-6
3064, -0.0012842546134436688
12448, -1.1075116277223894e-6
26832, -1.1075116277223896e-6
7594, 0.0002581641193144904
12958, 2.444018755390787e-5
9168, -7.608373167864526e-6
610, -0.0022951142477918717
1929, 8.15176824849775e-6
26598, 1.100037043575569e-6
108909, -2.1141782782949896e-6
25975, 5.176469702355208e-6
11906, -9.602856995832911e-6
3509, 8.522057081697537e-6
474, -0.011321313013528471
2009, -3.817002166606121e-5
54397, -2.138789647799933e-6
120189, -2.1141782782949896e-6
47284, 1.8379537518854477e-6
353, 1.2636350307647335e-5
38824, 2.0639011721672803e-5
240213, 3.590860448591509e-6
2525, -7.189535554045971e-6
5084, -1.845852712870649e-6
240293, 3.590860448591509e-6
14863, 5.284300968168378e-6
3480, 3.2487007746523377e-6
15073, -1.3144212597356634e-6
50552, 1.8186240274775704e-6
5108, -1.972393670673988e-5
2613, -1.0336775192075642e-6
54264, 1.8379537518854474e-6
7444, -2.1589586432298893e-5
3843, 3.574280277685871e-6
219998, 2.1141782782949896e-6
6824, -0.00018095107270504817
49075, -2.324792663381582e-6
47863, -5.176469702355209e-6
2229, -2.2150232554447805e-6
7532, -1.1040108121384354e-5
1141, -2.21502325544478e-6
3696, 9.681840546170175e-6
1873, -0.00033241553739010585
9563, 4.5708679062391364e-5
32729, 1.100037043575569e-6
37589, -3.590860448591509e-6
1968, 9.913797239064704e-6
8625, 5.204214739923988e-6
12852, 1.5480078857672873e-6
38184, 2.8202552013403085e-6
29973, 3.590860448591509e-6
29968, -1.1075116277223894e-6
7492, -2.1488131189801906e-5
2132, -0.00018328157412782128
556, 7.476970802794114e-5
57169, -4.919874401858377e-6
2767, -2.0673550384151267e-6
183, -0.007872460697083437
121829, -3.590860448591509e-6
14865, 3.590860448591509e-6
1043, -2.6179138794256646e-6
723, -0.0003351775406308294
6641, -5.01310632842631e-5
843, -0.00032819331864059834
2384, -0.0005490800400428697
9981, -0.00020930581778692676
12778, 2.936888533430756e-5
39502, 1.5486334885214888e-6
47678, 2.1387896477999316e-6
1938, -3.313839018999073e-6
56951, -5.176469702355209e-6
189856, 1.1075116277223894e-6
15035, -4.820367221543314e-5
663, -2.0348395535339774e-6
751, 0.00010142321672698494
14494, 2.4672144246802406e-5
5098, -2.9368885334307565e-5
30186, 2.905552364526975e-5
12842, 3.590860448591509e-6
38321, -5.209965319487977e-6
3312, -2.0673550384151275e-6
49092, 2.8202552013403085e-6
197, -0.01286236893428818
32426, 2.905552364526975e-5
19112, -2.8202552013403085e-6
32336, -7.801670411943301e-6
30366, 2.425159044968454e-5
848, -0.0034363319395342828
61236, -1.5480078857672869e-6
32581, 4.870651662848492e-6
12036, -2.8202552013403085e-6
4973, 2.444018755390787e-5
30206, 2.457668126927157e-5
3354, 0.00024947644562707755
958, 0.00972233641843328
6484, -0.0001809510727050482
2166, -3.0635737963743543e-6
3893, -2.0673550384151284e-6
39454, 2.138789647799931e-6
30346, 4.870651662848492e-6
8079, -1.982222094844064e-5
32346, 2.905552364526975e-5
6246, -1.1000370435755685e-6
196606, -2.1141782782949896e-6
61402, 2.905552364526975e-5
14544, 7.376416474969998e-6
12256, -7.174743005900976e-5
12213, 2.21502325544478e-6
104189, -2.1141782782949896e-6
2117, -4.0131925291513215e-5
12218, 2.2150232554447805e-6
245733, 3.590860448591509e-6
48948, 1.5480078857672869e-6
4968, -2.07620630140529e-5
1209, -3.0635737963743543e-6
7683, 1.159783464472644e-6
9553, 4.0521947811164786e-5
1655, -0.0003338740754984432
15298, 8.67561852794738e-6
34512, 1.1075116277223894e-6
14978, 9.618038525881837e-6
6309, -2.9368885334307558e-5
12832, -1.1075116277223894e-6
15355, -4.8128454634736186e-5
15222, -2.972254592898241e-6
8053, 2.2150232554447797e-6
25886, -2.1387896477999316e-6
45653, 3.590860448591509e-6
2403, -6.708239141955179e-5
15142, -1.6219396025882595e-6
11953, 4.952711784903472e-5
56940, 1.8458527128706486e-6
15358, -0.00020935515775958574
867, -0.00034348485521497075
3898, -2.067355038415128e-6
12153, -2.587310796884951e-6
1506, 1.0336775192075657e-6
7502, -1.5409263477824944e-5
57203, 2.324792663381582e-6
9536, -1.8841778533327654e-5
9581, -0.0002073926049455206
19102, -2.1141782782949896e-6
12088, -1.8247632902084866e-5
194196, -2.8202552013403085e-6
1644, 7.519161778358224e-5
7998, -2.5619300742788393e-5
4710, -1.100037043575569e-6
7283, 2.3602162334957427e-6
47653, 3.590860448591509e-6
9187, -1.8458527128706486e-6
14899, -2.1513551837317336e-6
1157, 4.170289934651115e-5
7252, -2.087937483715824e-5
13541, 2.8282906272119542e-5
240488, 2.8202552013403085e-6
38122, 3.590860448591509e-6
7266, -4.944485771363316e-6
8436, -1.837953751885448e-6
2971, -0.00031693289194972086
3790, 0.00015389790345830945
220008, 2.8202552013403085e-6
8166, 4.85412095282771e-6
12286, 0.0002093400912411281
237, 0.04717418663337211
13406, 2.3918284994895176e-5
59722, -4.870651662848492e-6
1551, 3.839475945727951e-5
523, 4.39766873176189e-5
109034, 3.590860448591509e-6
504, 0.008050252977269872
6594, 8.580733965141596e-6
239508, -2.8202552013403085e-6
1713, -0.00038848021926333277
104084, 2.8202552013403085e-6
14307, 9.729839710032196e-6
25936, -7.801670411943301e-6
8069, -4.035451877781518e-5
38174, 2.1387896477999316e-6
3443, -0.00012699839938928414
646, -1.0722944937710139e-5
3228, 1.10014486725686e-5
12093, 2.5619300742788393e-5
30421, -2.905552364526975e-5
603, -0.0017920147487315442
3140, -2.1058138402932473e-5
121844, -1.8186240274775704e-6
11941, 0.0002522222187313389
1271, -4.860042331933597e-5
4773, -2.936888533430756e-5
58336, 1.1075116277223894e-6
159141, 3.590860448591509e-6
25896, -2.8202552013403085e-6
20382, -2.1141782782949896e-6
60032, 2.953364340593038e-6
25704, -2.8202552013403085e-6
30169, 1.100037043575569e-6
1532, -2.0673550384151267e-6
249, 0.0002762107351907843
32756, 1.9576847991782307e-5
159101, 2.1141782782949896e-6
196581, -3.590860448591509e-6
51152, 1.1075116277223894e-6
32376, -1.9611006434392392e-5
120784, 1.1075116277223894e-6
194266, 3.590860448591509e-6
12560, -1.1075116277223894e-6
9726, 0.0002092908662800604
56985, -1.100037043575569e-6
27476, 2.0639011721672806e-5
7464, -2.158958643229889e-5
1326, -1.0336775192075631e-6
54816, 1.1075116277223894e-6
1949, -7.961454643917456e-6
773, -0.00037349674315309637
9133, 2.415024168778971e-5
103934, 2.1141782782949896e-6
14566, -1.1000370435755685e-6
19152, -1.1075116277223894e-6
32753, 5.408475326036809e-6
9871, 2.0115640136248343e-5
9701, 0.00025084321473290653
47439, 2.398170058618057e-6
39914, -2.905552364526975e-5
7434, -6.069431386716563e-6
38708, 1.5480078857672869e-6
27461, 4.870651662848492e-6
1830, -7.28853966121949e-6
54992, -7.511724545825139e-6
2865, -5.8953818450668623e-5
109914, -3.590860448591509e-6
7224, 1.3353809172806356e-6
57976, 1.8379537518854477e-6
6705, -6.725371954149173e-6
996, 1.8636381883558858e-6
4979, 2.327092895207176e-6
15086, 9.089516248720452e-7
4638, 2.13878964779993e-6
3742, 0.0015559727676771292
649, 3.112374016738124e-5
159636, -2.8202552013403085e-6
36477, 2.1141782782949896e-6
766, -0.009696150884192787
9777, 6.725716988923013e-6
2418, -0.0003884802192633327
9850, -2.2150232554447793e-6
30387, -2.3247926633815823e-6
130964, 2.8202552013403085e-6
14578, 5.55706919094131e-6
9346, -1.4286423585094843e-6
12266, 0.0002559490960590456
121509, -3.590860448591509e-6
1576, 0.00019235633383817837
191141, -3.590860448591509e-6
106344, 2.8202552013403085e-6
56862, 2.138789647799931e-6
49143, -5.176469702355208e-6
9372, 1.845852712870649e-6
3147, -5.042918879173509e-6
3888, 2.0673550384151275e-6
60500, -2.8202552013403085e-6
14142, 2.561754349511495e-5
239018, 3.590860448591509e-6
2247, -5.13053473838814e-6
153236, -2.8202552013403085e-6
37204, 2.8202552013403085e-6
2943, 1.7938294294588716e-5
858, 0.011356203817897237
1806, 7.855220391183644e-6
120254, -2.1141782782949896e-6
11803, -4.248642930777094e-6
12648, 2.0807607604199683e-5
191456, 1.1075116277223894e-6
9987, 1.3917401573671727e-6
61432, -1.9575467852686952e-5
155621, -3.590860448591509e-6
46058, 3.590860448591509e-6
25684, -2.8202552013403085e-6
1182, 0.00021034643618853433
904, -0.001386790564608357
14950, -5.0182424935839e-6
196461, 2.1141782782949896e-6
12945, 4.919874401858376e-6
39589, -2.905552364526975e-5
121834, -3.590860448591509e-6
3462, 2.3519970811266013e-6
12653, -2.444018755390787e-5
243, 0.0020534899229859697
30055, -4.7547302607287936e-6
13698, 9.425624133670827e-6
20392, -2.8202552013403085e-6
25336, -1.8379537518854479e-6
245738, 3.590860448591509e-6
45918, 2.1387896477999316e-6
5093, -2.9368885334307565e-5
26564, -2.8202552013403085e-6
52197, -3.590860448591509e-6
130494, -2.1141782782949896e-6
14563, 1.845852712870649e-6
130484, -1.8186240274775704e-6
144, 0.01712220387179042
3712, -0.00015008805467715437
15219, 1.9504866116651877e-5
11917, 1.5409263477824944e-5
3603, -6.660477195123653e-6
8613, 2.936888533430756e-5
2757, -1.033677519207564e-6
121504, 1.1075116277223894e-6
3557, 0.001852967605561141
60071, 4.754730260728793e-6
52077, 2.1141782782949896e-6
32568, -1.5480078857672869e-6
36432, -1.1075116277223894e-6
26430, -2.1387896477999316e-6
194296, -1.8186240274775704e-6
29776, -1.1075116277223896e-6
194256, -1.1075116277223894e-6
14464, -2.953364340593039e-6
1823, -2.4365255809892548e-6
36717, -2.1141782782949896e-6
240638, 2.1141782782949896e-6
6416, 7.898319033982688e-6
9296, -8.130275726877216e-6
7402, -2.9368885334307565e-5
7628, 4.430046510889557e-6
32301, 2.1387896477999316e-6
196456, -2.8202552013403085e-6
3869, -1.0336775192075648e-6
13789, 9.089516248720456e-7
29653, 3.590860448591509e-6
9213, 2.47652783734949e-5
13583, 5.284300968168378e-6
39931, -5.176469702355208e-6
194021, -3.590860448591509e-6
9369, 1.100037043575568e-6
30404, 2.8202552013403085e-6
14504, 2.0864193307109312e-5
38224, 7.801670411943301e-6
2012, -7.707444090019639e-5
4967, 4.772302737463227e-6
26872, -1.8379537518854477e-6
275, 3.5808526038226397e-6
7259, -4.8320491583603036e-6
3592, -2.442341426792772e-5
2299, -4.8600423319335954e-5
547, 3.5808526038226596e-6
106334, 2.1141782782949896e-6
30270, 2.1387896477999316e-6
669, -2.969921892001475e-5
54957, 2.3963401831239823e-5
3077, -7.023060838393428e-6
26410, -3.590860448591509e-6
652, 4.301330301421343e-5
11841, -9.410442603621905e-6
232, -0.04137876713164793
83, 0.0010610488013543889
6444, 1.8458527128706486e-6
2074, -2.8404675059762123e-5
3034, 0.0018525331948878619
1192, 0.00018328157412782125
240478, 2.1141782782949896e-6
26782, -2.138789647799932e-6
60052, -2.055574332958627e-5
2355, 1.9420382458747595e-5
27592, -2.8202552013403085e-6
2369, -8.084543946797665e-5
8081, -4.009556851567494e-5
6794, -3.9210550542403514e-5
972, 7.819696905007495e-5
14208, -1.8609821840433127e-5
3527, 4.378419470552293e-5
26616, -1.9575467852686952e-5
12453, 3.590860448591509e-6
15338, -0.0002559490960590456
228088, -1.8186240274775704e-6
13703, -4.767030994442895e-6
1761, -4.959738257576951e-6
3012, -0.0001942900841499122
27277, 1.5335669700638426e-6
1489, 1.0336775192075625e-6
7475, 2.151355183731734e-6
3024, -0.0005390621236572014
6864, -7.174743005900976e-5
47376, -1.1075116277223894e-6
60762, 2.905552364526975e-5
9672, -2.28969231903757e-5
8286, -2.1387896477999307e-6
4958, -2.4150241687789713e-5
8276, -2.8202552013403085e-6
14253, -0.00020650504547662662
9692, 1.1562010680397043e-5
2222, 9.873961962983636e-7
1106, 1.0754355761473613e-6
1152, -1.913172439944582e-5
2289, -5.1232735108907706e-5
60832, -7.8016704119433e-6
59865, -1.100037043575569e-6
106174, 2.1141782782949896e-6
2883, -2.6179695980363203e-5
48452, 2.8202552013403085e-6
7429, -7.1102862877982145e-6
3197, 0.0002141545803799746
121534, -2.1141782782949896e-6
9866, 3.920879329473008e-5
12141, -0.0002074913999024299
54631, 4.7547302607287936e-6
51837, -2.1141782782949896e-6
51797, -3.590860448591509e-6
14190, -1.15967689386188e-6
2481, 0.00038782062097985227
54589, -2.138789647799932e-6
252, 5.438388758735716e-5
1556, 0.00019257725638727397
11956, 0.00016982389335395214
39789, 2.425159044968454e-5
58021, -3.590860448591509e-6
220128, -1.1075116277223894e-6
1827, -6.614283683887007e-6
14225, 4.009543720606759e-5
7242, -4.8952630323534365e-6
190376, 2.8202552013403085e-6
121469, -2.1141782782949896e-6
1587, -1.9420382458747588e-5
158061, 2.1141782782949896e-6
39560, 2.8202552013403085e-6
153246, -2.1141782782949896e-6
11911, 4.767030994442897e-6
13391, 2.4335936287322173e-6
12755, 1.8458527128706486e-6
60066, -4.919874401858376e-6
29693, 2.1387896477999316e-6
6285, -1.7029779329899793e-6
54772, -1.9611006434392392e-5
36702, 2.1141782782949896e-6
2769, 1.0336775192075644e-6
129694, 2.1141782782949896e-6
31902, -2.138789647799932e-6
27483, 4.754730260728793e-6
189886, -2.1141782782949896e-6
54597, -4.870651662848493e-6
2394, 0.0018617008528329674
194026, -3.590860448591509e-6
218458, 3.590860448591509e-6
9363, 1.8458527128706486e-6
129, 0.0029796552794729074
56952, 1.9609626295297038e-5
6455, -5.775691158999409e-6
2272, 7.17155685151385e-5
13643, 4.767030994442896e-6
13546, 2.936888533430757e-5
8556, -1.845852712870649e-6
2259, -9.730105496456755e-6
59472, 1.1075116277223896e-6
39489, 1.1966856656149558e-6
9281, -1.4286423585094847e-6
229278, -2.1141782782949896e-6
109024, -1.1075116277223894e-6
12955, 4.772302737463227e-6
47444, 2.065407824013045e-5
26586, 2.905552364526975e-5
596, -0.008408302747093668
12261, 0.00025066655692870083
14532, 2.8202552013403085e-6
13687, -4.820367221543314e-5
14509, -2.3918284994895183e-5
109264, 1.1075116277223894e-6
9658, 2.2150232554447805e-6
7988, -1.824763290208487e-5
24916, -2.8202552013403085e-6
12243, 9.730069008990237e-6
9756, 1.8458527128706493e-6
9261, 2.163401017304872e-6
39085, -2.1387896477999316e-6
14481, 4.944485771363315e-6
61327, -2.367806998520205e-6
14147, 3.997962981439829e-6
25924, -2.8202552013403085e-6
26012, 1.8458527128706493e-6
1923, 2.6179695980363203e-5
12076, -1.8458527128706486e-6
13588, 2.1589586432298893e-5
6498, -3.9961602530496964e-5
4676, 2.8202552013403085e-6
159701, 3.590860448591509e-6
863, -3.489055593010665e-5
9231, -1.3073922690418896e-6
9838, -1.1444953638129539e-6
158461, 2.1141782782949896e-6
688, 3.9060721261473156e-5
14995, -1.0041610376969805e-5
2643, -2.0673550384151267e-6
1696, 0.0005490800400428697
9528, -1.823245137203594e-5
110484, 2.8202552013403085e-6
1026, -2.7079186647762793e-6
58221, 2.1387896477999316e-6
228773, 3.590860448591509e-6
8074, -3.897859384950899e-5
57339, -5.176469702355208e-6
243358, 2.1141782782949896e-6
60813, 1.5485184769302088e-6
39160, 1.8379537518854477e-6
12973, -2.415024168778971e-5
7978, -3.147406804709275e-5
2863, -2.4365255809892573e-6
52202, -3.590860448591509e-6
1443, -2.0673550384151267e-6
12067, 1.363460768175743e-6
15309, -1.4941554265199731e-5
6252, 1.845852712870649e-6
509, -0.009696150884192789
3162, 0.0002568613487278545
1464, -1.0336775192075614e-6
3422, 0.0015480364664340633
9507, 1.443163800932603e-6
39514, -2.905552364526975e-5
15345, -5.028308497069483e-5
7554, -9.410442603621901e-6
39897, -1.100037043575569e-6
1083, 6.025220328628372e-6
8124, 1.7590049211168433e-6
2265, -4.85435097601027e-6
1997, -0.0001532866000816233
31892, -2.8202552013403085e-6
54745, -1.100037043575569e-6
158366, -2.1141782782949896e-6
9306, 2.936888533430756e-5
47812, 2.8202552013403085e-6
47274, 3.590860448591509e-6
12764, 1.8458527128706486e-6
25306, 3.590860448591509e-6
4795, -5.194042179089644e-6
13646, 1.542322915790061e-5
50517, -3.590860448591509e-6
12208, -2.215023255444779e-6
47594, 2.905552364526975e-5
39754, -4.870651662848493e-6
153061, -3.590860448591509e-6
47584, -7.511724545825139e-6
11827, 2.151355183731734e-6
3426, 0.00032846157445014647
19157, 3.590860448591509e-6
32593, 4.919874401858377e-6
47858, 5.3934088075791615e-6
1546, 5.0453398625756325e-5
11506, -5.542002672483664e-6
158376, -2.8202552013403085e-6
228733, 2.1141782782949896e-6
18912, 1.1075116277223894e-6
528, 0.0005579883001161158
26046, 2.486662713538973e-5
60712, -2.8202552013403085e-6
9352, -1.8361965042120061e-6
1203, -1.9748649044671227e-5
29861, 3.590860448591509e-6
15333, -0.000250737749103703
3528, -0.00019408724147623523
2205, -1.2247734545262173e-6
15052, -4.430046510889557e-6
9713, 5.013562075860592e-5
229288, -2.8202552013403085e-6
25834, -3.590860448591509e-6
245413, 3.590860448591509e-6
32412, 1.8458527128706486e-6
29886, 2.138789647799932e-6
57152, 2.953364340593038e-6
54990, -1.3741609045501224e-6
8568, -1.9723936706739874e-5
3459, -2.6031817155687627e-5
57162, -4.870651662848493e-6
196586, -3.590860448591509e-6
56931, 1.8458527128706486e-6
1932, 1.3161190939588103e-5
29821, 2.138789647799933e-6
57329, -5.408590337628089e-6
2364, -1.861304356373061e-5
36712, 2.8202552013403085e-6
58016, 1.1075116277223894e-6
9750, 2.2299472975996747e-6
3923, -2.0673550384151267e-6
1737, -4.291750935424219e-6
238938, 3.590860448591509e-6
3802, -0.001852967605561141
943, -3.489055593010663e-5
159156, 1.8186240274775704e-6
2608, 1.0336775192075638e-6
26516, -2.0540446787946067e-5
158046, -2.1141782782949896e-6
6838, -2.5761546725308164e-6
8513, -1.1966856656149558e-6
8048, -2.215023255444779e-6
30157, 1.374160904550122e-6
60750, -1.533336946881283e-6
243048, 2.8202552013403085e-6
57019, -5.176469702355208e-6
1848, 0.00016289939406303295
152916, -2.8202552013403085e-6
3383, 5.0281056058480315e-5
526, 0.00012779395631753852
30351, 2.398170058618057e-6
12608, -2.953364340593038e-6
399, 0.0006468474175826558
6264, 1.97147357794375e-5
60650, -3.590860448591509e-6
47294, 2.138789647799932e-6
155626, -3.590860448591509e-6
15173, -3.897683660183555e-5
25964, -1.8458527128706486e-6
32606, 2.3963401831239823e-5
27214, -1.5487485001127683e-6
12014, -9.089516248720452e-7
1046, 2.138487424743611e-6
2036, -0.0012842546134436688
47771, 4.754730260728793e-6
1260, 1.1997808103411007e-5
13512, -2.82025520134031e-6
26026, 2.905552364526975e-5
14288, 7.176261158905867e-5
56910, 1.548518476930209e-6
4778, -2.9368885334307565e-5
32355, -1.8458527128706486e-6
51092, 2.8202552013403085e-6
14868, 2.1589586432298893e-5
14303, 2.655664346059558e-6
59872, 7.511724545825139e-6
19197, 2.1141782782949896e-6
3152, -7.4980209237764e-5
39165, -2.138789647799932e-6
14572, 1.845852712870649e-6
60510, -2.138789647799931e-6
14888, 2.1589586432298893e-5
47601, 5.393293795987883e-6
106484, 1.8186240274775704e-6
7526, 5.067582466242906e-6
34462, 2.1141782782949896e-6
2637, -1.033677519207562e-6
220133, 3.590860448591509e-6
59853, -1.3741609045501222e-6
13709, -1.551085257938997e-5
6823, 4.570867906239138e-5
60146, -5.393293795987882e-6
104109, -2.1141782782949896e-6
30181, 2.905552364526975e-5
6304, 8.130275726877216e-6
38304, 7.801670411943301e-6
3099, -5.079878768821355e-6
441, -9.76523872339212e-5
132, 0.008620266112576715
3657, 2.3519970811266018e-6
231, 0.007542511645224321
7277, 2.46721442468024e-5
229328, -1.1075116277223894e-6
3102, -2.28311202881986e-5
8129, -8.675618527947384e-6
26033, 5.210080331079257e-6
29008, -1.1075116277223894e-6
1593, -1.6243503873261655e-6
39554, 1.1966856656149558e-6
7229, -2.1634010173048748e-6
54437, -3.590860448591509e-6
227828, -1.8186240274775704e-6
12659, -2.327092895207177e-6
32443, 5.176469702355208e-6
47864, 1.9609626295297038e-5
153306, 3.590860448591509e-6
3259, 4.877662107717652e-5
12082, -6.58540284756173e-6
46053, 3.590860448591509e-6
25301, 3.590860448591509e-6
196286, -2.1141782782949896e-6
59859, -1.8458527128706486e-6
53629, -2.138789647799932e-6
48544, 7.8016704119433e-6
32403, 1.8458527128706486e-6
158416, -1.1075116277223894e-6
26621, 2.457668126927157e-5
1237, -0.000257890994750806
57157, -4.870651662848492e-6
121514, -3.590860448591509e-6
129684, 2.8202552013403085e-6
218493, 2.1141782782949896e-6
3616, -7.438679608997525e-5
9845, -2.21502325544478e-6
1626, -0.001861907641872566
969, 1.945716370030359e-5
47604, 1.9609626295297035e-5
38314, -2.905552364526975e-5
6675, 1.4431638009326038e-6
38274, 1.1966856656149553e-6
3186, -4.965117933520243e-5
6521, 2.5761546725308143e-6
30050, 4.919874401858376e-6
26003, 1.8458527128706486e-6
9093, -4.870651662848492e-6
240613, 3.590860448591509e-6
24941, 2.1387896477999316e-6
853, 0.011549759005742382
25844, -1.8379537518854479e-6
29786, 3.590860448591509e-6
2372, -0.00018522547965253589
12996, 2.8202552013403085e-6
12928, -2.953364340593038e-6
9246, -2.163401017304872e-6
39784, -2.054044678794607e-5
61346, -4.919874401858376e-6
14373, 3.590860448591509e-6
12795, 5.194042179089643e-6
56912, 7.801670411943301e-6
12967, -4.772302737463227e-6
18932, -1.8186240274775704e-6
59746, -4.9198744018583755e-6
11426, -4.94448577136332e-6
155646, -2.1141782782949896e-6
3322, 2.067355038415128e-6
57179, -4.7547302607287936e-6
245333, 3.590860448591509e-6
54224, 1.1075116277223894e-6
60774, 1.1000370435755685e-6
1086, 2.5997680595743604e-5
7549, 0.00021113484246238775
3310, -8.773234372701167e-7
191061, -3.590860448591509e-6
39549, -2.486662713538973e-5
14928, 7.336404800502605e-5
13013, -2.9368885334307565e-5
2163, 1.9748649044671234e-5
47565, 1.3740458929588425e-6
47846, -1.1000370435755687e-6
8618, 2.936888533430756e-5
8584, -2.8202552013403073e-6
1701, -0.0018617008528329674
190366, 2.1141782782949896e-6
1220, 2.3921503683582933e-5
741, -0.011321313013528471
56897, 1.1966856656149558e-6
2343, 4.304765733593932e-5
459, 0.00032046587413273395
38300, -1.8458527128706493e-6
155306, -3.590860448591509e-6
12271, -2.6556643460595573e-6
20442, 3.590860448591509e-6
1847, -5.0334881483199235e-5
32321, -1.1966856656149558e-6
833, -0.0005325681703019261
298, 0.001952524947590585
7392, 7.376416474969997e-6
14875, 4.248642930777094e-6
54939, -4.754730260728792e-6
15183, -1.9814591546745917e-5
1706, -0.0019013904087019308
39759, -2.367806998520205e-6
1477, -1.033677519207564e-6
1162, 4.01319252915132e-5
243408, 1.1075116277223894e-6
332, 4.3013303014213415e-5
13715, -1.0370577851726713e-5
7523, -1.0041381078011766e-5
130394, -3.590860448591509e-6
26420, -1.5480078857672869e-6
1206, 2.4674687187714623e-6
191156, -1.8186240274775704e-6
11512, -1.972991730948642e-5
39125, -3.590860448591509e-6
7995, -5.775691158999408e-6
1943, -1.1017942912490113e-6
32334, -1.5486334885214888e-6
34477, -2.1141782782949896e-6
57172, -2.063889671008153e-5
27313, 5.225146849536903e-6
229293, 2.1141782782949896e-6
486, -0.0001879416427172417
60117, 2.905552364526975e-5
245758, 2.1141782782949896e-6
8109, 0.00020649009396976023
5105, -5.433087806570673e-6
110589, -2.1141782782949896e-6
15328, 7.176261158905867e-5
45728, -1.1075116277223894e-6
27323, 5.176469702355208e-6
1553, 3.358615243603537e-5
191336, -2.8202552013403085e-6
155261, -2.1141782782949896e-6
27495, -4.7547302607287936e-6
12788, 1.978845820944781e-5
59936, 1.1075116277223894e-6
34452, 2.8202552013403085e-6
6479, -2.0115640136248343e-5
2092, 1.8458527128706486e-6
9736, -2.820255201340306e-6
54554, -3.590860448591509e-6
12169, -1.254572066184388e-6
3504, -9.681840546170175e-6
36512, -1.1075116277223894e-6
61414, 1.100037043575569e-6
915, 0.0003434848552149707
7645, -9.089516248720464e-7
6212, 1.8361965042120042e-6
4749, -1.5101046054427755e-6
2142, -0.00020830919916804612
14498, 4.94448577136332e-6
12408, -1.837953751885448e-6
12226, -8.67561852794738e-6
2984, -0.0013550753412822194
39921, -5.408475326036809e-6
12647, -4.772302737463228e-6
48222, 2.138789647799931e-6
6441, -2.2299472975996747e-6
38164, 2.8202552013403085e-6
53589, -3.590860448591509e-6
39526, -1.100037043575569e-6
30196, 1.9609626295297035e-5
6234, -2.936888533430756e-5
13381, 4.895263032353436e-6
27296, -7.801670411943301e-6
8992, 1.1075116277223894e-6
6, -0.4087695896793485
48504, 1.957684799178231e-5
30370, 4.919874401858376e-6
9566, 0.00020634195904019196
39060, 2.8202552013403085e-6
14469, 4.895263032353435e-6
13008, 7.608373167864526e-6
27235, -1.8458527128706486e-6
38909, -2.4578438516945013e-5
11443, 2.360216233495742e-6
60819, 1.8458527128706486e-6
13047, -5.194042179089644e-6
14273, 8.675618527947382e-6
3711, -1.771323027347004e-5
12798, 2.4765278373494904e-5
45933, -2.1387896477999316e-6
7543, 4.8199876832920904e-5
60077, 2.3963401831239823e-5
61437, 2.457668126927157e-5
9706, 0.0002559490960590456
3213, 1.5668800702603098e-5
4707, 1.8458527128706486e-6
45688, -1.837953751885448e-6
228053, 3.590860448591509e-6
2172, 1.3056350213684455e-6
34292, 1.8186240274775704e-6
54951, 4.754730260728792e-6
60131, -1.8458527128706486e-6
37997, -2.1387896477999316e-6
1581, -0.00020603708847964422
8468, -2.820255201340308e-6
31997, 2.138789647799932e-6
34517, -3.590860448591509e-6
1871, -0.00012874925820024352
11470, -1.3573681011943586e-6
29013, 3.590860448591509e-6
155296, 1.1075116277223894e-6
32576, -2.953364340593038e-6
184, 0.040219364076428114
9012, -1.5480078857672869e-6
59709, -2.138789647799932e-6
219828, 1.8186240274775704e-6
12570, 3.590860448591509e-6
110584, 1.8186240274775704e-6
27486, 2.3963401831239823e-5
47560, -2.8202552013403085e-6
158206, -2.1141782782949896e-6
5064, 2.8202552013403085e-6
966, -1.9457163700303584e-5
11793, -3.590860448591509e-6
7451, -4.248642930777093e-6
1512, -1.0336775192075646e-6
14983, -4.767030994442897e-6
15069, 9.241331549209723e-7
228093, 2.1141782782949896e-6
6814, -0.0002073926049455206
37549, -2.1387896477999316e-6
61226, -3.590860448591509e-6
1991, -4.376780675901062e-5
60112, -7.51172454582514e-6
60049, -4.919874401858376e-6
47754, 4.870651662848492e-6
66, -0.0029796552794729065
7968, 8.130275726877216e-6
11296, 1.107511627722389e-6
13613, -2.306426262560169e-5
3327, 2.749050425091941e-6
3552, -0.000539037984730528
243053, -2.1141782782949896e-6
933, 0.011356203817897237
9022, -2.138789647799932e-6
1136, 2.21502325544478e-6
48531, -1.8458527128706486e-6
48486, -1.1000370435755687e-6
3797, -0.001890185034422885
6581, -2.2150232554447805e-6
2841, -7.288539661219489e-6
7271, 4.832049158360305e-6
227818, -3.590860448591509e-6
37349, 3.590860448591509e-6
1247, 4.039735520681748e-6
60862, 2.486662713538973e-5
3058, -0.00039384535271658666
1286, -1.0754355761473606e-6
54184, 2.8202552013403085e-6
9, 0.4087695896793485
8446, -2.1387896477999303e-6
20432, -1.1075116277223894e-6
8144, -7.174743005900976e-5
120749, -2.1141782782949896e-6
3446, 2.070676940801266e-5
9711, -2.6556643460595573e-6
2875, -5.033488148319924e-5
29688, -1.8379537518854477e-6
32627, -2.324792663381582e-6
795, -0.0003118357565663646
2399, -1.8801701342268758e-6
13030, -1.1000370435755685e-6
6540, 2.2150232554447784e-6
2324, -0.00019235633383817837
14322, 5.028308497069483e-5
48469, -2.905552364526975e-5
13755, -4.8154332242774125e-5
3022, -0.0001532866000816233
220138, 3.590860448591509e-6
153256, -2.8202552013403085e-6
13628, 3.2091984694551133e-6
14916, 2.140865818022761e-5
120224, 1.1075116277223894e-6
2752, 1.0336775192075638e-6
39934, -2.457668126927157e-5
9671, 5.2631634533276825e-6
32409, 1.100037043575569e-6
8139, -5.255909268109746e-6
1049, 1.8538962954827882e-6
3691, -1.1017942912490151e-6
15046, 1.3759249283061828e-6
1638, -3.8811969937444636e-5
59712, 2.953364340593038e-6
12273, 5.029042182634721e-5
60083, 2.324792663381582e-6
219098, 3.590860448591509e-6
47761, 4.919874401858376e-6
664, -1.1750121057813045e-5
7409, -5.542002672483665e-6
106324, 2.8202552013403085e-6
368, 3.9060721261473156e-5
189786, -3.590860448591509e-6
228058, 3.590860448591509e-6
1227, 5.130534738388138e-6
109304, 1.8186240274775704e-6
12237, 1.4944673409714855e-5
1604, 0.00018519055672638137
13636, 2.142383971027653e-5
1796, 2.371165419271216e-5
38794, 4.870651662848492e-6
196216, 1.8186240274775704e-6
47822, 1.3741609045501224e-6
6909, 0.00020929086628006038
19162, 3.590860448591509e-6
243188, 1.8186240274775704e-6
1973, -8.754013774592064e-6
18772, -2.8202552013403085e-6
113, 0.014185866761582054
293, 0.001871229728479623
32591, 2.367806998520205e-6
4009, -1.0754355761473609e-6
3262, 0.00021415458037997464
2292, -0.00017201560472287445
152936, -2.8202552013403085e-6
7577, 5.0182424935838975e-6
11437, 2.3918284994895183e-5
49114, -2.905552364526975e-5
109944, 1.8186240274775704e-6
3276, 3.171129632741518e-6
57144, 1.5480078857672869e-6
53624, 1.8379537518854477e-6
8142, -1.4944673409714853e-5
191056, 1.1075116277223894e-6
12136, 0.00018037269664057301
6693, -2.7390224454010296e-5
56957, -2.486662713538973e-5
57305, -1.100037043575569e-6
9294, -1.7029779329899776e-6
57946, -3.590860448591509e-6
108904, 2.8202552013403085e-6
196181, -3.590860448591509e-6
30067, -2.324792663381582e-6
2593, 1.0754355761473615e-6
59763, 2.324792663381582e-6
3150, -1.566880070260308e-5
7622, -1.3759249283061823e-6
11810, -3.590860448591509e-6
86, 1.4501657522514873e-5
32741, 2.905552364526975e-5
3317, 2.0673550384151284e-6
155486, -2.1141782782949896e-6
2913, -3.313839018999072e-6
218488, -1.8186240274775704e-6
3474, 3.4893467072919586e-6
26405, -3.590860448591509e-6
15025, -4.952200307642028e-5
7559, 4.767030994442896e-6
1992, 0.0001942900841499122
57149, -2.138789647799932e-6
389, 0.0022811054345443444
13018, -2.936888533430756e-5
562, 0.000429991088888581
53, -0.19018836771304645
13806, 9.241331549209719e-7
30450, 5.393293795987884e-6
38814, 2.4253347697357986e-5
130424, 1.8186240274775704e-6
47264, -1.1075116277223894e-6
3982, -1.0336775192075631e-6
14926, 1.5510852579389963e-5
6852, -2.2896923190375704e-5
15261, -1.1596768938618812e-6
8118, -2.5873107968849508e-6
159706, 3.590860448591509e-6
27490, 4.9198744018583755e-6
9931, 5.263156504874409e-6
882, -0.0025959552004071484
228768, -1.1075116277223894e-6
1818, -0.0002502140447780325
3137, -1.0251245684253341e-5
5118, -2.4765278373494897e-5
876, -0.00037915702213478617
219038, -2.1141782782949896e-6
13427, -2.3602162334957423e-6
59882, -2.905552364526975e-5
14848, -3.980432869709379e-6
3886, -1.0336775192075633e-6
36472, -1.8186240274775704e-6
1117, 9.873961962983646e-7
54757, -2.9055523645269753e-5
13758, -0.0002110607665064537
1689, -3.900070030252231e-5
29658, 3.590860448591509e-6
7662, -9.241331549209721e-7
8567, 5.194042179089643e-6
54362, -3.590860448591509e-6
7584, -7.334886647497711e-5
26574, -1.358864362909917e-6
57342, -2.457668126927157e-5
978, -2.0978124630807513e-5
13053, -2.47652783734949e-5
104104, 2.8202552013403085e-6
19837, 2.1141782782949896e-6
9522, -6.725371954149171e-6
2989, 0.001548393102294219
36442, 3.590860448591509e-6
3431, -0.00031672075720050053
129364, 2.8202552013403085e-6
103914, 3.590860448591509e-6
12785, 5.387543216423896e-6
2146, -4.0114417104126414e-5
54643, 2.324792663381582e-6
47454, 2.396164458356638e-5
12968, 2.090605752633514e-5
9098, -4.870651662848492e-6
60737, -1.1966856656149558e-6
6280, 1.8361965042120057e-6
9284, -1.836196504212004e-6
8159, -2.655664346059558e-6
1076, 1.766962019723841e-5
1910, -2.0778960314780705e-5
15165, -2.561754349511495e-5
1611, 4.60127494691064e-5
8063, 2.927075036045909e-6
54174, 2.1387896477999316e-6
11326, -2.1634010173048727e-6
13658, -0.0002522222187313389
30021, 4.870651662848493e-6
60717, 2.1387896477999316e-6
60152, -1.9611006434392392e-5
6829, 0.00020634195904019196
38309, -2.905552364526975e-5
2451, 6.916986969371836e-5
36692, 2.8202552013403085e-6
53674, -3.590860448591509e-6
34152, 2.8202552013403085e-6
2083, -2.617913879425664e-6
1983, -1.7938294294588716e-5
239038, 2.1141782782949896e-6
121684, -2.8202552013403085e-6
29876, 1.8379537518854479e-6
13386, 4.895263032353437e-6
51102, 2.1141782782949896e-6
120794, -3.590860448591509e-6
4648, 2.8202552013403085e-6
240298, 3.590860448591509e-6
38898, 5.408360314445529e-6
30375, -4.754730260728793e-6
158186, -3.590860448591509e-6
258, -9.473167433851569e-5
269, 0.00012779395631753855
26400, 1.1075116277223894e-6
492, 0.00038917393206141365
193876, -2.8202552013403085e-6
1056, -8.226924348916601e-6
155301, -3.590860448591509e-6
218533, 3.590860448591509e-6
219053, 2.1141782782949896e-6
12156, -1.7590049211168427e-6
27216, -7.801670411943301e-6
25061, -3.590860448591509e-6
2334, -0.00020603708847964422
12249, 4.85412095282771e-6
3612, 1.0073621900990485e-5
553, -3.268963325480707e-5
32712, -2.8202552013403085e-6
190356, 2.8202552013403085e-6
54826, -3.590860448591509e-6
7944, 2.820255201340307e-6
106349, -2.1141782782949896e-6
411, 0.0017944846027261932
4722, 5.20421473992399e-6
3706, -8.52205708169753e-6
4349, -2.138789647799932e-6
14474, 4.895263032353433e-6
3106, -1.695784996710974e-6
163, 0.0010610488013543889
11929, 5.067582466242908e-6
54602, -4.870651662848493e-6
60134, 1.1000370435755685e-6
1242, -0.0002530249125924852
89, 0.0006067773250376513
103909, 3.590860448591509e-6
19872, -1.1075116277223894e-6
57941, -3.590860448591509e-6
110014, -2.1141782782949896e-6
227688, -2.8202552013403085e-6
2033, -0.0003938453527165867
36517, 3.590860448591509e-6
3468, -1.3161190939588103e-5
49069, -2.3963401831239823e-5
6818, -4.052194781116479e-5
153076, -1.8186240274775704e-6
130474, -3.590860448591509e-6
27496, 2.0540561799537348e-5
38132, 1.837953751885448e-6
1808, 7.517756912840002e-5
45648, -1.1075116277223894e-6
13415, -4.832049158360305e-6
8562, -5.249759330070765e-6
36542, 2.1141782782949896e-6
30363, 4.754730260728793e-6
219768, -1.8186240274775704e-6
12638, 2.4150241687789713e-5
131029, -3.590860448591509e-6
56946, 5.209965319487977e-6
47668, 1.5480078857672869e-6
9315, -1.845852712870649e-6
13529, 1.1000370435755693e-6
9406, 2.5287180932507594e-5
54748, -1.8458527128706486e-6
39584, 7.801670411943301e-6
627, 0.0006439500039074151
31952, -1.1075116277223896e-6
48554, -2.905552364526975e-5
13769, -1.3759249283061821e-6
38823, -4.754730260728792e-6
47463, -4.7547302607287936e-6
129744, 1.1075116277223894e-6
8189, 0.00020934009124112812
57009, -5.225146849536903e-6
4003, -2.0673550384151267e-6
60842, 2.905552364526975e-5
30036, 2.0654078240130448e-5
39509, -2.905552364526975e-5
2569, 1.0754355761473606e-6
29978, 3.590860448591509e-6
3567, -1.9123092958262225e-5
643, 9.752983116453473e-5
1666, 8.084543946797665e-5
1861, -0.00032742729581845733
4309, -3.590860448591509e-6
26496, 2.953364340593038e-6
46, 0.17052022915949527
130989, -2.1141782782949896e-6
5081, -1.1000370435755685e-6
120234, -3.590860448591509e-6
37982, 2.138789647799931e-6
243448, 1.8186240274775704e-6
37534, 2.1387896477999316e-6
27204, -2.8202552013403085e-6
6892, -1.1562010680397044e-5
2003, -6.491274091619014e-5
121424, 1.1075116277223894e-6
11412, -2.0698691627257765e-5
155496, -2.8202552013403085e-6
37972, 2.8202552013403085e-6
14112, -8.130275726877216e-6
14378, 3.590860448591509e-6
11866, 0.000252323428931665
7454, -2.3294462070822774e-5
19092, -2.8202552013403085e-6
3052, -7.707444090019639e-5
4688, 7.898319033982688e-6
60640, 1.1075116277223894e-6
109904, 1.1075116277223894e-6
945, 0.0025959552004071484
15241, 1.2545720661843876e-6
3171, -9.360179345572464e-6
383, -6.689142543936052e-5
36, 0.15091299089386992
32276, -2.8202552013403085e-6
2429, 0.0015763286891572448
15195, -4.5762274463927734e-5
12048, -8.130275726877218e-6
6599, -5.263156504874409e-6
3792, 0.000539037984730528
29816, -1.8379537518854483e-6
191066, -3.590860448591509e-6
13733, -0.000252323428931665
3807, 1.912309295826223e-5
60059, -4.754730260728793e-6
13608, 2.158958643229889e-5
38864, 7.51172454582514e-6
155501, 2.1141782782949896e-6
13416, 2.0683510097208842e-5
1895, 0.00031693289194972097
1289, 1.7291317106683055e-6
435, -0.0006439500039074151
39764, -2.063889671008153e-5
3412, 0.0013558762565640367
30176, -7.51172454582514e-6
1169, 4.011441710412642e-5
31912, -2.8202552013403085e-6
38263, -5.176469702355208e-6
4314, -3.590860448591509e-6
2868, -0.00016289939406303295
239573, 3.590860448591509e-6
1944, -3.2487007746523373e-6
2046, -0.0015691973920157925
191096, 1.8186240274775704e-6
14984, 2.1423839710276533e-5
3009, -7.262749495254939e-5
58196, -2.8202552013403085e-6
9747, -1.4431638009326034e-6
12283, 4.813225001724842e-5
240248, -1.8186240274775704e-6
3917, -1.0336775192075657e-6
6461, -2.5385586802220423e-5
2995, 0.00012701968892078148
898, -0.0005325681703019261
3111, 5.07987876882135e-6
9335, 5.25378859998672e-6
11946, 0.0002581641193144904
25986, -1.1966856656149553e-6
238973, 2.1141782782949896e-6
14583, -5.253788599986719e-6
39909, -2.905552364526975e-5
9609, -1.2498332210515974e-6
26610, -5.408475326036808e-6
39611, -5.176469702355208e-6
106474, 3.590860448591509e-6
158196, -1.8186240274775704e-6
103764, 2.8202552013403085e-6
32615, -4.7547302607287936e-6
6883, -1.007049448319578e-5
14388, 1.3353809172806359e-6
8003, -3.9979629814398294e-6
47611, 5.176469702355208e-6
3372, -1.0073621900990483e-5
6718, -2.5387344049893863e-5
169, -1.4501657522514885e-5
48549, -2.905552364526975e-5
2848, 7.517756912840001e-5
13778, 1.314421259735663e-6
26043, 5.176469702355208e-6
6732, -2.2150232554447784e-6
4885, -3.590860448591509e-6
61342, -2.425159044968454e-5
9324, -1.845852712870649e-6
11844, -2.1472949659752983e-5
15295, -2.927075036045909e-6
25981, 2.486662713538973e-5
2062, 2.740570386192631e-8
7589, 0.000252323428931665
14117, 2.7622181146904823e-5
14238, 0.00020747598834919842
2157, 0.00021034643618853425
3545, 3.8022356659832205e-5
8046, 1.15967689386188e-6
3722, 0.0003281739044058306
14484, 2.0683510097208842e-5
59669, -3.590860448591509e-6
54462, -2.138789647799932e-6
1251, 9.730105496456756e-6
2961, -0.0003290536229124383
61351, 4.754730260728792e-6
39741, -2.138789647799932e-6
8595, 1.845852712870649e-6
6491, -4.5704883679879144e-5
14967, -4.8154332242774125e-5
888, -0.008048596141726842
55031, 5.176469702355209e-6
30381, -2.396164458356638e-5
39924, -1.9575467852686955e-5
4925, -2.138789647799933e-6
6269, -2.5287180932507594e-5
48564, -1.9611006434392392e-5
56992, 7.801670411943301e-6
308, 0.0012688502114817772
4673, 1.1966856656149558e-6
243453, -2.1141782782949896e-6
32732, 1.8458527128706486e-6
4920, 1.5480078857672869e-6
778, -0.0003734967431530963
172, 0.0012146754863675475
4698, -2.936888533430756e-5
394, 0.002260763638631421
13556, 1.9714735779437494e-5
194036, -1.8186240274775704e-6
110004, -1.8186240274775704e-6
9795, 3.996582842344472e-6
12938, 4.870651662848492e-6
104149, -3.590860448591509e-6
56917, -2.905552364526975e-5
159136, -1.1075116277223894e-6
129389, -2.1141782782949896e-6
3419, 0.0003151763953542848
12231, 5.255909268109748e-6
693, -3.501968172727507e-5
2043, -0.00033387499792987573
8012, -2.2150232554447784e-6
1836, 9.841665208095956e-6
196256, 1.1075116277223894e-6
38112, -1.1075116277223894e-6
27201, -1.1966856656149558e-6
2253, -1.4724762704892712e-5
9910, 2.5761546725308147e-6
3769, -2.070676940801266e-5
15280, 2.215023255444779e-6
15038, -0.0002111491773493766
110549, -3.590860448591509e-6
9127, 4.772302737463226e-6
11923, 1.0041381078011768e-5
121524, -1.8186240274775704e-6
48449, 1.1966856656149558e-6
153296, -1.1075116277223894e-6
158381, 2.1141782782949896e-6
15188, -0.00018083033295525553
245373, 2.1141782782949896e-6
47614, 2.457668126927157e-5
11997, -9.241331549209721e-7
32573, 2.138789647799932e-6
7412, -1.972991730948642e-5
2844, -9.84166520809596e-6
48537, -1.1000370435755685e-6
7955, 1.3634607681757432e-6
6620, -1.1562010680397044e-5
37629, -2.1387896477999316e-6
616, -0.008396391899733088
14327, -4.812845463473618e-5
191101, -2.1141782782949896e-6
7373, -1.3573681011943563e-6
47189, 3.590860448591509e-6
47458, 4.9198744018583755e-6
11986, -1.3144212597356638e-6
25876, -2.8202552013403085e-6
131064, 1.8186240274775704e-6
130464, 1.1075116277223894e-6
110509, -2.1141782782949896e-6
1283, 3.042973389188213e-6
3409, 0.00033185197897975553
11895, 4.81505368602619e-5
2762, -1.0336775192075627e-6
54821, -3.590860448591509e-6
47824, 7.51172454582514e-6
13333, 3.590860448591509e-6
14108, 1.8458527128706497e-6
14223, 1.981459154674591e-5
1212, -1.3056350213684463e-6
245608, 2.8202552013403085e-6
2589, -1.033677519207563e-6
7964, -1.8458527128706497e-6
15213, 0.00020747598834919842
12046, -5.634280676020526e-7
60062, -2.4253347697357986e-5
194221, 2.1141782782949896e-6
7388, -1.8458527128706484e-6
129374, 2.1141782782949896e-6
39749, -4.870651662848492e-6
18922, -3.590860448591509e-6
25934, -1.5334519584725629e-6
27413, 3.590860448591509e-6
34552, 1.8186240274775704e-6
11472, -7.376416474969997e-6
245408, -1.1075116277223894e-6
1856, 0.0001492821001086807
39885, -1.358864362909917e-6
194016, 1.1075116277223894e-6
3694, -8.038446931897753e-6
12373, 3.590860448591509e-6
9376, -8.130275726877218e-6
54980, -2.8202552013403085e-6
3717, 0.0003327881478432033
1217, 8.087840948131373e-6
356, 1.175012105781302e-5
106104, -1.8186240274775704e-6
54739, -1.8458527128706486e-6
3582, 0.0015690076995969532
7463, 4.248642930777093e-6
34522, -3.590860448591509e-6
13602, 3.590860448591509e-6
6708, -1.8232451372035944e-5
7604, 0.00016997551897854728
15008, 7.341338797768506e-5
26523, -4.754730260728792e-6
2623, -2.0673550384151267e-6
38789, 4.870651662848492e-6
120184, 1.8186240274775704e-6
29608, -2.8202552013403085e-6
37524, 2.8202552013403085e-6
25970, -5.2252618611281826e-6
25694, -2.138789647799931e-6
15185, -4.06542336926602e-5
9513, 2.229947297599675e-6
15235, 3.997962981439829e-6
4938, -4.870651662848494e-6
11402, -4.895263032353433e-6
9677, 1.5056039696041076e-5
1907, 0.00012701968892078148
1803, 5.2204843728139765e-6
159056, -1.1075116277223894e-6
227813, -3.590860448591509e-6
7958, -2.229947297599675e-6
39774, -2.396164458356638e-5
9913, -2.961098468544106e-6
32386, -1.1966856656149558e-6
615, 0.0017944846027261932
11786, -7.110286287798215e-6
32446, 2.4868384383063173e-5
27250, -5.209965319487977e-6
12761, 1.1000370435755687e-6
807, 0.0003118357565663646
6518, -2.9610984685441063e-6
120154, -3.590860448591509e-6
30250, 3.590860448591509e-6
4686, 1.5556491955895525e-6
30435, 1.8458527128706486e-6
13724, -1.1040108121384356e-5
3384, -0.00016297456937900315
15159, -5.775691158999408e-6
48424, 2.8202552013403085e-6
245588, 2.8202552013403085e-6
29018, 3.590860448591509e-6
3811, 6.625481537488933e-5
109054, 2.1141782782949896e-6
6617, -4.804780980168701e-6
61352, -2.0638896710081525e-5
60780, -1.8458527128706486e-6
8589, 1.5556491955895534e-6
1566, 0.000205552016250841
54549, -3.590860448591509e-6
155326, -2.1141782782949896e-6
3402, 0.0003327881478432033
38718, 2.1387896477999316e-6
12130, 4.009556851567494e-5
13595, 4.248642930777093e-6
27616, -7.51172454582514e-6
14213, 4.035276153014173e-5
56968, 2.8202552013403085e-6
9556, 0.00018095107270504817
1061, 2.8404675059762123e-5
3069, 0.001569197392015793
15160, 1.826143429303844e-5
2944, 0.0001492821001086807
57312, 7.511724545825139e-6
6629, -0.00025091440690790866
61221, -3.590860448591509e-6
239568, -1.1075116277223894e-6
3849, 1.4971750177737768e-6
516, 0.00019808196296702666
6189, -2.1634010173048727e-6
59899, -5.176469702355208e-6
1590, 1.6243503873261634e-6
3681, 3.489346707291959e-6
48357, 3.590860448591509e-6
8526, -1.5101046054427755e-6
12837, 3.590860448591509e-6
8163, -9.730069008990235e-6
54442, -3.590860448591509e-6
11896, -0.00016997551897854728
3626, 0.0002655989033377859
47451, 4.7547302607287936e-6
54607, -2.398170058618057e-6
36532, 1.8186240274775704e-6
104094, 2.1141782782949896e-6
6835, 1.948343013830194e-5
11781, -6.069431386716563e-6
54637, 2.4253347697357982e-5
3751, -0.0003151763953542848
4018, 1.0336775192075627e-6
49144, 1.9576847991782307e-5
61397, 2.905552364526975e-5
9166, -1.3356320214714088e-6
1328, 1.0336775192075638e-6
38804, 2.0540561799537344e-5
120789, -3.590860448591509e-6
2916, -3.248700774652333e-6
47589, 2.905552364526975e-5
462, 0.001293911292382679
6778, 2.215023255444779e-6
3087, -6.551980412415469e-6
6804, -0.00018048823894731682
11912, -2.1488131189801906e-5
228778, 3.590860448591509e-6
56528, 1.1075116277223896e-6
30193, 5.393408807579163e-6
14248, 0.0001808303329552555
9770, 3.1242111354198225e-5
11816, -2.1589586432298893e-5
60047, -2.398170058618057e-6
59757, 2.4253347697357982e-5
59892, -1.9611006434392392e-5
27256, -1.9611006434392392e-5
34277, 3.590860448591509e-6
1575, -4.310931588701515e-5
9510, 1.621939602588259e-6
9403, 5.253788599986717e-6
54997, 2.9055523645269753e-5
26581, 2.905552364526975e-5
130469, -3.590860448591509e-6
219988, 2.8202552013403085e-6
59729, -4.919874401858376e-6
38117, 3.590860448591509e-6
2838, -7.597769166216268e-6
2479, -1.8801701342268686e-6
9541, 3.921055054240352e-5
47194, 3.590860448591509e-6
15324, -1.1562010680397043e-5
3019, -4.3767806759010626e-5
58356, -1.837953751885448e-6
2823, -5.220484372813974e-6
30414, 1.3740458929588427e-6
30456, 1.9609626295297035e-5
3519, 1.771323027347004e-5
56973, -1.533336946881283e-6
54229, -3.590860448591509e-6
12613, 4.870651662848493e-6
11878, 5.0182424935839e-6
6263, -5.253788599986718e-6
1197, -0.00020830919916804615
3903, -2.749050425091941e-6
9088, 2.953364340593038e-6
159, 0.0003373733424288415
14276, 2.296121466990108e-5
538, -0.001871229728479623
3633, 5.9333724680838615e-5
53669, -3.590860448591509e-6
32436, 1.957684799178231e-5
228013, 2.1141782782949896e-6
152941, 2.1141782782949896e-6
9723, 4.8082910044589414e-5
194046, -2.1141782782949896e-6
12378, 3.590860448591509e-6
2016, 0.0005390621236572014
11884, -1.1040108121384354e-5
7538, -4.9527117849034705e-5
2104, 1.766962019723841e-5
6789, -4.058647547070971e-5
240308, 1.8186240274775704e-6
218558, 2.1141782782949896e-6
60525, 2.1387896477999316e-6
8550, 1.1000370435755687e-6
129749, -3.590860448591509e-6
887, 0.0018882028587802362
29098, 3.590860448591509e-6
6224, 8.130275726877218e-6
3727, 0.00013020356102658566
27418, 3.590860448591509e-6
243173, 3.590860448591509e-6
60157, 2.4578438516945013e-5
56573, -2.138789647799932e-6
9156, -2.8202552013403085e-6
13763, -2.723964565845887e-6
2122, -4.170289934651116e-5
8132, -2.2961329681492358e-5
153086, -2.1141782782949896e-6
6586, -2.21502325544478e-6
2309, -5.045339862575633e-5
8121, 2.9722545928982403e-6
54912, 2.953364340593038e-6
14316, 1.1562010680397043e-5
196266, -3.590860448591509e-6
11936, -7.339820644763613e-5
219808, -1.1075116277223894e-6
24936, -2.8202552013403085e-6
1472, 1.0336775192075633e-6
6768, -2.215023255444779e-6
12252, 1.1562010680397043e-5
27266, -1.1966856656149558e-6
47795, -2.324792663381582e-6
219, -0.007542511645224321
802, -0.00030580624403055346
25941, 2.905552364526975e-5
31917, 2.1387896477999316e-6
13536, -7.376416474969997e-6
12623, 2.4308333505415032e-6
4933, -4.870651662848492e-6
61322, -4.870651662848492e-6
55014, 1.100037043575569e-6
3174, 5.320953001832175e-6
9178, 2.936888533430756e-5
57332, -1.9575467852686955e-5
2424, -0.0012838444743505473
37544, 2.8202552013403085e-6
48483, 1.8458527128706486e-6
27289, 1.100037043575569e-6
11966, 0.00021113484246238775
59482, -3.590860448591509e-6
3586, -1.2939352187285163e-5
813, 0.0015604508406646342
38852, 2.8202552013403085e-6
14105, 1.6219396025882586e-6
1866, -0.0003318978897783216
48404, 2.8202552013403085e-6
59739, -4.7547302607287936e-6
8091, -4.4930786074357094e-5
38811, 4.754730260728792e-6
219813, 3.590860448591509e-6
130384, 1.1075116277223894e-6
14962, 4.9395940811419795e-5
2151, 4.546457742496086e-5
25296, -1.1075116277223894e-6
4744, 2.820255201340309e-6
5075, -1.845852712870649e-6
48492, 1.8458527128706486e-6
2786, 1.0336775192075625e-6
9386, 2.9368885334307558e-5
2440, -0.00018519055672638128
2224, 2.215023255444779e-6
7571, 1.0370348552768673e-5
14298, -0.000250737749103703
